*Title:
*Step  = 1
*Time  = 0.05
*Data  = Rx;Ry;Rz
1, 0, 0, 0
2, 0, 0, 0
3, 0, 0, 0
4, 0, 0, 0
5, 0, 0, 0
6, 0, 0, 0
7, 0, 0, 0
8, 0, 0, 0
9, 0, 0, 0
10, 0, 0, 0
11, 0, 0, 0
12, 0, 0, 0
13, 0, 0, 0
14, 0, 0, 0
15, 0, 0, 0
16, 0, 0, 0
17, 0, 0, 0
18, 0, 0, 0
19, 0, 0, 0
20, 0, 0, 0
21, 0, 0, 0
22, 0, 0, 0
23, 0, 0, 0
24, 0, 0, 0
25, 0, 0, 0
26, 0, 0, 0
27, 0, 0, 0
28, 0, 0, 0
29, 0, 0, 0
30, 0, 0, 0
31, 0, 0, 0
32, 0, 0, 0
33, 0, 0, 0
34, 0, 0, 0
35, 0, 0, 0
36, 0, 0, 0
37, 0, 0, 0
38, 0, 0, 0
39, 0, 0, 0
40, 0, 0, 0
41, 0, 0, 0
42, 0, 0, 0
43, 0, 0, 0
44, 0, 0, 0
45, 0, 0, 0
46, 0, 0, 0
47, 0, 0, 0
48, 0, 0, 0
49, 0, 0, 0
50, 0, 0, 0
51, 0, 0, 0
52, 0, 0, 0
53, 0, 0, 0
54, 0, 0, 0
55, 0, 0, 0
56, 0, 0, 0
57, 0, 0, 0
58, 0, 0, 0
59, 0, 0, 0
60, 0, 0, 0
61, 0, 0, 0
62, 0, 0, 0
63, 0, 0, 0
64, 0, 0, 0
65, 0, 0, 0
66, 0, 0, 0
67, 0, 0, 0
68, 0, 0, 0
69, 0, 0, 0
70, 0, 0, 0
71, 0, 0, 0
72, 0, 0, 0
73, 0, 0, 0
74, 0, 0, 0
75, 0, 0, 0
76, 0, 0, 0
77, 0, 0, 0
78, 0, 0, 0
79, 0, 0, 0
80, 0, 0, 0
81, 0, 0, 0
82, 0, 0, 0
83, 0, 0, 0
84, 0, 0, 0
85, 0, 0, 0
86, 0, 0, 0
87, 0, 0, 0
88, 0, 0, 0
89, 0, 0, 0
90, 0, 0, 0
91, 0, 0, 0
92, 0, 0, 0
93, 0, 0, 0
94, 0, 0, 0
95, 0, 0, 0
96, 0, 0, 0
97, 0, 0, 0
98, 0, 0, 0
99, 0, 0, 0
100, 0, 0, 0
101, 0, 0, 0
102, 0, 0, 0
103, 0, 0, 0
104, 0, 0, 0
105, 0, 0, 0
106, 0, 0, 0
107, 0, 0, 0
108, 0, 0, 0
109, 0, 0, 0
110, 0, 0, 0
111, 0, 0, 0
112, 0, 0, 0
113, 0, 0, 0
114, 0, 0, 0
115, 0, 0, 0
116, 0, 0, 0
117, 0, 0, 0
118, 0, 0, 0
119, 0, 0, 0
120, 0, 0, 0
121, 0, 0, 0
122, 0, 0, 0
123, 0, 0, 0
124, 0, 0, 0
125, 0, 0, 0
126, 0, 0, 0
127, 0, 0, 0
128, 0, 0, 0
129, 0, 0, 0
130, 0, 0, 0
131, 0, 0, 0
132, 0, 0, 0
133, 0, 0, 0
134, 0, 0, 0
135, 0, 0, 0
136, 0, 0, 0
137, 0, 0, 0
138, 0, 0, 0
139, 0, 0, 0
140, 0, 0, 0
141, 0, 0, 0
142, 0, 0, 0
143, 0, 0, 0
144, 0, 0, 0
145, 0, 0, 0
146, 0, 0, 0
147, 0, 0, 0
148, 0, 0, 0
149, 0, 0, 0
150, 0, 0, 0
151, 0, 0, 0
152, 0, 0, 0
153, 0, 0, 0
154, 0, 0, 0
155, 0, 0, 0
156, 0, 0, 0
157, 0, 0, 0
158, 0, 0, 0
159, 0, 0, 0
160, 0, 0, 0
161, 0, 0, 0
162, 0, 0, 0
163, 0, 0, 0
164, 0, 0, 0
165, 0, 0, 0
166, 0, 0, 0
167, 0, 0, 0
168, 0, 0, 0
169, 0, 0, 0
170, 0, 0, 0
171, 0, 0, 0
172, 0, 0, 0
173, 0, 0, 0
174, 0, 0, 0
175, 0, 0, 0
176, 0, 0, 0
177, 0, 0, 0
178, 0, 0, 0
179, 0, 0, 0
180, 0, 0, 0
181, 0, 0, -4.60111e-005
182, 0, 0, -9.20221e-005
183, 0, 0, -9.20222e-005
184, 0, 0, -9.20222e-005
185, 0, 0, -9.2022e-005
186, 0, 0, -4.60093e-005
187, 0, 0, -9.20221e-005
188, 0, 0, -0.000184044
189, 0, 0, -0.000184044
190, 0, 0, -0.000184044
191, 0, 0, -0.000184044
192, 0, 0, -9.20186e-005
193, 0, 0, -9.20222e-005
194, 0, 0, -0.000184044
195, 0, 0, -0.000184044
196, 0, 0, -0.000184044
197, 0, 0, -0.000184044
198, 0, 0, -9.20188e-005
199, 0, 0, -9.20222e-005
200, 0, 0, -0.000184044
201, 0, 0, -0.000184044
202, 0, 0, -0.000184044
203, 0, 0, -0.000184044
204, 0, 0, -9.20191e-005
205, 0, 0, -9.2022e-005
206, 0, 0, -0.000184044
207, 0, 0, -0.000184044
208, 0, 0, -0.000184044
209, 0, 0, -0.000184043
210, 0, 0, -9.20191e-005
211, 0, 0, -4.60093e-005
212, 0, 0, -9.20186e-005
213, 0, 0, -9.20188e-005
214, 0, 0, -9.20191e-005
215, 0, 0, -9.20191e-005
216, 0, 0, -4.60087e-005
*Step  = 2
*Time  = 0.1
*Data  = Rx;Ry;Rz
1, 0, 0, 0
2, 0, 0, 0
3, 0, 0, 0
4, 0, 0, 0
5, 0, 0, 0
6, 0, 0, 0
7, 0, 0, 0
8, 0, 0, 0
9, 0, 0, 0
10, 0, 0, 0
11, 0, 0, 0
12, 0, 0, 0
13, 0, 0, 0
14, 0, 0, 0
15, 0, 0, 0
16, 0, 0, 0
17, 0, 0, 0
18, 0, 0, 0
19, 0, 0, 0
20, 0, 0, 0
21, 0, 0, 0
22, 0, 0, 0
23, 0, 0, 0
24, 0, 0, 0
25, 0, 0, 0
26, 0, 0, 0
27, 0, 0, 0
28, 0, 0, 0
29, 0, 0, 0
30, 0, 0, 0
31, 0, 0, 0
32, 0, 0, 0
33, 0, 0, 0
34, 0, 0, 0
35, 0, 0, 0
36, 0, 0, 0
37, 0, 0, 0
38, 0, 0, 0
39, 0, 0, 0
40, 0, 0, 0
41, 0, 0, 0
42, 0, 0, 0
43, 0, 0, 0
44, 0, 0, 0
45, 0, 0, 0
46, 0, 0, 0
47, 0, 0, 0
48, 0, 0, 0
49, 0, 0, 0
50, 0, 0, 0
51, 0, 0, 0
52, 0, 0, 0
53, 0, 0, 0
54, 0, 0, 0
55, 0, 0, 0
56, 0, 0, 0
57, 0, 0, 0
58, 0, 0, 0
59, 0, 0, 0
60, 0, 0, 0
61, 0, 0, 0
62, 0, 0, 0
63, 0, 0, 0
64, 0, 0, 0
65, 0, 0, 0
66, 0, 0, 0
67, 0, 0, 0
68, 0, 0, 0
69, 0, 0, 0
70, 0, 0, 0
71, 0, 0, 0
72, 0, 0, 0
73, 0, 0, 0
74, 0, 0, 0
75, 0, 0, 0
76, 0, 0, 0
77, 0, 0, 0
78, 0, 0, 0
79, 0, 0, 0
80, 0, 0, 0
81, 0, 0, 0
82, 0, 0, 0
83, 0, 0, 0
84, 0, 0, 0
85, 0, 0, 0
86, 0, 0, 0
87, 0, 0, 0
88, 0, 0, 0
89, 0, 0, 0
90, 0, 0, 0
91, 0, 0, 0
92, 0, 0, 0
93, 0, 0, 0
94, 0, 0, 0
95, 0, 0, 0
96, 0, 0, 0
97, 0, 0, 0
98, 0, 0, 0
99, 0, 0, 0
100, 0, 0, 0
101, 0, 0, 0
102, 0, 0, 0
103, 0, 0, 0
104, 0, 0, 0
105, 0, 0, 0
106, 0, 0, 0
107, 0, 0, 0
108, 0, 0, 0
109, 0, 0, 0
110, 0, 0, 0
111, 0, 0, 0
112, 0, 0, 0
113, 0, 0, 0
114, 0, 0, 0
115, 0, 0, 0
116, 0, 0, 0
117, 0, 0, 0
118, 0, 0, 0
119, 0, 0, 0
120, 0, 0, 0
121, 0, 0, 0
122, 0, 0, 0
123, 0, 0, 0
124, 0, 0, 0
125, 0, 0, 0
126, 0, 0, 0
127, 0, 0, 0
128, 0, 0, 0
129, 0, 0, 0
130, 0, 0, 0
131, 0, 0, 0
132, 0, 0, 0
133, 0, 0, 0
134, 0, 0, 0
135, 0, 0, 0
136, 0, 0, 0
137, 0, 0, 0
138, 0, 0, 0
139, 0, 0, 0
140, 0, 0, 0
141, 0, 0, 0
142, 0, 0, 0
143, 0, 0, 0
144, 0, 0, 0
145, 0, 0, 0
146, 0, 0, 0
147, 0, 0, 0
148, 0, 0, 0
149, 0, 0, 0
150, 0, 0, 0
151, 0, 0, 0
152, 0, 0, 0
153, 0, 0, 0
154, 0, 0, 0
155, 0, 0, 0
156, 0, 0, 0
157, 0, 0, 0
158, 0, 0, 0
159, 0, 0, 0
160, 0, 0, 0
161, 0, 0, 0
162, 0, 0, 0
163, 0, 0, 0
164, 0, 0, 0
165, 0, 0, 0
166, 0, 0, 0
167, 0, 0, 0
168, 0, 0, 0
169, 0, 0, 0
170, 0, 0, 0
171, 0, 0, 0
172, 0, 0, 0
173, 0, 0, 0
174, 0, 0, 0
175, 0, 0, 0
176, 0, 0, 0
177, 0, 0, 0
178, 0, 0, 0
179, 0, 0, 0
180, 0, 0, 0
181, 0, 0, -9.445e-005
182, 0, 0, -0.0001889
183, 0, 0, -0.0001889
184, 0, 0, -0.0001889
185, 0, 0, -0.0001889
186, 0, 0, -9.44481e-005
187, 0, 0, -0.0001889
188, 0, 0, -0.0003778
189, 0, 0, -0.0003778
190, 0, 0, -0.0003778
191, 0, 0, -0.0003778
192, 0, 0, -0.000188896
193, 0, 0, -0.0001889
194, 0, 0, -0.0003778
195, 0, 0, -0.0003778
196, 0, 0, -0.0003778
197, 0, 0, -0.0003778
198, 0, 0, -0.000188896
199, 0, 0, -0.0001889
200, 0, 0, -0.0003778
201, 0, 0, -0.0003778
202, 0, 0, -0.0003778
203, 0, 0, -0.0003778
204, 0, 0, -0.000188897
205, 0, 0, -0.0001889
206, 0, 0, -0.0003778
207, 0, 0, -0.0003778
208, 0, 0, -0.0003778
209, 0, 0, -0.000377799
210, 0, 0, -0.000188897
211, 0, 0, -9.44481e-005
212, 0, 0, -0.000188896
213, 0, 0, -0.000188896
214, 0, 0, -0.000188897
215, 0, 0, -0.000188897
216, 0, 0, -9.44474e-005
*Step  = 3
*Time  = 0.15
*Data  = Rx;Ry;Rz
1, 0, 0, 0
2, 0, 0, 0
3, 0, 0, 0
4, 0, 0, 0
5, 0, 0, 0
6, 0, 0, 0
7, 0, 0, 0
8, 0, 0, 0
9, 0, 0, 0
10, 0, 0, 0
11, 0, 0, 0
12, 0, 0, 0
13, 0, 0, 0
14, 0, 0, 0
15, 0, 0, 0
16, 0, 0, 0
17, 0, 0, 0
18, 0, 0, 0
19, 0, 0, 0
20, 0, 0, 0
21, 0, 0, 0
22, 0, 0, 0
23, 0, 0, 0
24, 0, 0, 0
25, 0, 0, 0
26, 0, 0, 0
27, 0, 0, 0
28, 0, 0, 0
29, 0, 0, 0
30, 0, 0, 0
31, 0, 0, 0
32, 0, 0, 0
33, 0, 0, 0
34, 0, 0, 0
35, 0, 0, 0
36, 0, 0, 0
37, 0, 0, 0
38, 0, 0, 0
39, 0, 0, 0
40, 0, 0, 0
41, 0, 0, 0
42, 0, 0, 0
43, 0, 0, 0
44, 0, 0, 0
45, 0, 0, 0
46, 0, 0, 0
47, 0, 0, 0
48, 0, 0, 0
49, 0, 0, 0
50, 0, 0, 0
51, 0, 0, 0
52, 0, 0, 0
53, 0, 0, 0
54, 0, 0, 0
55, 0, 0, 0
56, 0, 0, 0
57, 0, 0, 0
58, 0, 0, 0
59, 0, 0, 0
60, 0, 0, 0
61, 0, 0, 0
62, 0, 0, 0
63, 0, 0, 0
64, 0, 0, 0
65, 0, 0, 0
66, 0, 0, 0
67, 0, 0, 0
68, 0, 0, 0
69, 0, 0, 0
70, 0, 0, 0
71, 0, 0, 0
72, 0, 0, 0
73, 0, 0, 0
74, 0, 0, 0
75, 0, 0, 0
76, 0, 0, 0
77, 0, 0, 0
78, 0, 0, 0
79, 0, 0, 0
80, 0, 0, 0
81, 0, 0, 0
82, 0, 0, 0
83, 0, 0, 0
84, 0, 0, 0
85, 0, 0, 0
86, 0, 0, 0
87, 0, 0, 0
88, 0, 0, 0
89, 0, 0, 0
90, 0, 0, 0
91, 0, 0, 0
92, 0, 0, 0
93, 0, 0, 0
94, 0, 0, 0
95, 0, 0, 0
96, 0, 0, 0
97, 0, 0, 0
98, 0, 0, 0
99, 0, 0, 0
100, 0, 0, 0
101, 0, 0, 0
102, 0, 0, 0
103, 0, 0, 0
104, 0, 0, 0
105, 0, 0, 0
106, 0, 0, 0
107, 0, 0, 0
108, 0, 0, 0
109, 0, 0, 0
110, 0, 0, 0
111, 0, 0, 0
112, 0, 0, 0
113, 0, 0, 0
114, 0, 0, 0
115, 0, 0, 0
116, 0, 0, 0
117, 0, 0, 0
118, 0, 0, 0
119, 0, 0, 0
120, 0, 0, 0
121, 0, 0, 0
122, 0, 0, 0
123, 0, 0, 0
124, 0, 0, 0
125, 0, 0, 0
126, 0, 0, 0
127, 0, 0, 0
128, 0, 0, 0
129, 0, 0, 0
130, 0, 0, 0
131, 0, 0, 0
132, 0, 0, 0
133, 0, 0, 0
134, 0, 0, 0
135, 0, 0, 0
136, 0, 0, 0
137, 0, 0, 0
138, 0, 0, 0
139, 0, 0, 0
140, 0, 0, 0
141, 0, 0, 0
142, 0, 0, 0
143, 0, 0, 0
144, 0, 0, 0
145, 0, 0, 0
146, 0, 0, 0
147, 0, 0, 0
148, 0, 0, 0
149, 0, 0, 0
150, 0, 0, 0
151, 0, 0, 0
152, 0, 0, 0
153, 0, 0, 0
154, 0, 0, 0
155, 0, 0, 0
156, 0, 0, 0
157, 0, 0, 0
158, 0, 0, 0
159, 0, 0, 0
160, 0, 0, 0
161, 0, 0, 0
162, 0, 0, 0
163, 0, 0, 0
164, 0, 0, 0
165, 0, 0, 0
166, 0, 0, 0
167, 0, 0, 0
168, 0, 0, 0
169, 0, 0, 0
170, 0, 0, 0
171, 0, 0, 0
172, 0, 0, 0
173, 0, 0, 0
174, 0, 0, 0
175, 0, 0, 0
176, 0, 0, 0
177, 0, 0, 0
178, 0, 0, 0
179, 0, 0, 0
180, 0, 0, 0
181, 0, 0, -0.000145793
182, 0, 0, -0.000291585
183, 0, 0, -0.000291585
184, 0, 0, -0.000291585
185, 0, 0, -0.000291585
186, 0, 0, -0.000145791
187, 0, 0, -0.000291585
188, 0, 0, -0.000583171
189, 0, 0, -0.000583171
190, 0, 0, -0.000583171
191, 0, 0, -0.000583171
192, 0, 0, -0.000291581
193, 0, 0, -0.000291585
194, 0, 0, -0.000583171
195, 0, 0, -0.000583171
196, 0, 0, -0.000583171
197, 0, 0, -0.000583171
198, 0, 0, -0.000291581
199, 0, 0, -0.000291585
200, 0, 0, -0.000583171
201, 0, 0, -0.000583171
202, 0, 0, -0.000583171
203, 0, 0, -0.000583171
204, 0, 0, -0.000291582
205, 0, 0, -0.000291585
206, 0, 0, -0.000583171
207, 0, 0, -0.000583171
208, 0, 0, -0.000583171
209, 0, 0, -0.00058317
210, 0, 0, -0.000291582
211, 0, 0, -0.000145791
212, 0, 0, -0.000291581
213, 0, 0, -0.000291581
214, 0, 0, -0.000291582
215, 0, 0, -0.000291582
216, 0, 0, -0.00014579
*Step  = 4
*Time  = 0.2
*Data  = Rx;Ry;Rz
1, 0, 0, 0
2, 0, 0, 0
3, 0, 0, 0
4, 0, 0, 0
5, 0, 0, 0
6, 0, 0, 0
7, 0, 0, 0
8, 0, 0, 0
9, 0, 0, 0
10, 0, 0, 0
11, 0, 0, 0
12, 0, 0, 0
13, 0, 0, 0
14, 0, 0, 0
15, 0, 0, 0
16, 0, 0, 0
17, 0, 0, 0
18, 0, 0, 0
19, 0, 0, 0
20, 0, 0, 0
21, 0, 0, 0
22, 0, 0, 0
23, 0, 0, 0
24, 0, 0, 0
25, 0, 0, 0
26, 0, 0, 0
27, 0, 0, 0
28, 0, 0, 0
29, 0, 0, 0
30, 0, 0, 0
31, 0, 0, 0
32, 0, 0, 0
33, 0, 0, 0
34, 0, 0, 0
35, 0, 0, 0
36, 0, 0, 0
37, 0, 0, 0
38, 0, 0, 0
39, 0, 0, 0
40, 0, 0, 0
41, 0, 0, 0
42, 0, 0, 0
43, 0, 0, 0
44, 0, 0, 0
45, 0, 0, 0
46, 0, 0, 0
47, 0, 0, 0
48, 0, 0, 0
49, 0, 0, 0
50, 0, 0, 0
51, 0, 0, 0
52, 0, 0, 0
53, 0, 0, 0
54, 0, 0, 0
55, 0, 0, 0
56, 0, 0, 0
57, 0, 0, 0
58, 0, 0, 0
59, 0, 0, 0
60, 0, 0, 0
61, 0, 0, 0
62, 0, 0, 0
63, 0, 0, 0
64, 0, 0, 0
65, 0, 0, 0
66, 0, 0, 0
67, 0, 0, 0
68, 0, 0, 0
69, 0, 0, 0
70, 0, 0, 0
71, 0, 0, 0
72, 0, 0, 0
73, 0, 0, 0
74, 0, 0, 0
75, 0, 0, 0
76, 0, 0, 0
77, 0, 0, 0
78, 0, 0, 0
79, 0, 0, 0
80, 0, 0, 0
81, 0, 0, 0
82, 0, 0, 0
83, 0, 0, 0
84, 0, 0, 0
85, 0, 0, 0
86, 0, 0, 0
87, 0, 0, 0
88, 0, 0, 0
89, 0, 0, 0
90, 0, 0, 0
91, 0, 0, 0
92, 0, 0, 0
93, 0, 0, 0
94, 0, 0, 0
95, 0, 0, 0
96, 0, 0, 0
97, 0, 0, 0
98, 0, 0, 0
99, 0, 0, 0
100, 0, 0, 0
101, 0, 0, 0
102, 0, 0, 0
103, 0, 0, 0
104, 0, 0, 0
105, 0, 0, 0
106, 0, 0, 0
107, 0, 0, 0
108, 0, 0, 0
109, 0, 0, 0
110, 0, 0, 0
111, 0, 0, 0
112, 0, 0, 0
113, 0, 0, 0
114, 0, 0, 0
115, 0, 0, 0
116, 0, 0, 0
117, 0, 0, 0
118, 0, 0, 0
119, 0, 0, 0
120, 0, 0, 0
121, 0, 0, 0
122, 0, 0, 0
123, 0, 0, 0
124, 0, 0, 0
125, 0, 0, 0
126, 0, 0, 0
127, 0, 0, 0
128, 0, 0, 0
129, 0, 0, 0
130, 0, 0, 0
131, 0, 0, 0
132, 0, 0, 0
133, 0, 0, 0
134, 0, 0, 0
135, 0, 0, 0
136, 0, 0, 0
137, 0, 0, 0
138, 0, 0, 0
139, 0, 0, 0
140, 0, 0, 0
141, 0, 0, 0
142, 0, 0, 0
143, 0, 0, 0
144, 0, 0, 0
145, 0, 0, 0
146, 0, 0, 0
147, 0, 0, 0
148, 0, 0, 0
149, 0, 0, 0
150, 0, 0, 0
151, 0, 0, 0
152, 0, 0, 0
153, 0, 0, 0
154, 0, 0, 0
155, 0, 0, 0
156, 0, 0, 0
157, 0, 0, 0
158, 0, 0, 0
159, 0, 0, 0
160, 0, 0, 0
161, 0, 0, 0
162, 0, 0, 0
163, 0, 0, 0
164, 0, 0, 0
165, 0, 0, 0
166, 0, 0, 0
167, 0, 0, 0
168, 0, 0, 0
169, 0, 0, 0
170, 0, 0, 0
171, 0, 0, 0
172, 0, 0, 0
173, 0, 0, 0
174, 0, 0, 0
175, 0, 0, 0
176, 0, 0, 0
177, 0, 0, 0
178, 0, 0, 0
179, 0, 0, 0
180, 0, 0, 0
181, 0, 0, -0.000200575
182, 0, 0, -0.000401149
183, 0, 0, -0.000401149
184, 0, 0, -0.000401149
185, 0, 0, -0.000401149
186, 0, 0, -0.000200572
187, 0, 0, -0.000401149
188, 0, 0, -0.000802298
189, 0, 0, -0.000802298
190, 0, 0, -0.000802298
191, 0, 0, -0.000802298
192, 0, 0, -0.000401144
193, 0, 0, -0.000401149
194, 0, 0, -0.000802298
195, 0, 0, -0.000802298
196, 0, 0, -0.000802298
197, 0, 0, -0.000802298
198, 0, 0, -0.000401145
199, 0, 0, -0.000401149
200, 0, 0, -0.000802298
201, 0, 0, -0.000802298
202, 0, 0, -0.000802298
203, 0, 0, -0.000802298
204, 0, 0, -0.000401145
205, 0, 0, -0.000401149
206, 0, 0, -0.000802298
207, 0, 0, -0.000802298
208, 0, 0, -0.000802298
209, 0, 0, -0.000802297
210, 0, 0, -0.000401145
211, 0, 0, -0.000200572
212, 0, 0, -0.000401144
213, 0, 0, -0.000401145
214, 0, 0, -0.000401145
215, 0, 0, -0.000401145
216, 0, 0, -0.000200571
*Step  = 5
*Time  = 0.25
*Data  = Rx;Ry;Rz
1, 0, 0, 0
2, 0, 0, 0
3, 0, 0, 0
4, 0, 0, 0
5, 0, 0, 0
6, 0, 0, 0
7, 0, 0, 0
8, 0, 0, 0
9, 0, 0, 0
10, 0, 0, 0
11, 0, 0, 0
12, 0, 0, 0
13, 0, 0, 0
14, 0, 0, 0
15, 0, 0, 0
16, 0, 0, 0
17, 0, 0, 0
18, 0, 0, 0
19, 0, 0, 0
20, 0, 0, 0
21, 0, 0, 0
22, 0, 0, 0
23, 0, 0, 0
24, 0, 0, 0
25, 0, 0, 0
26, 0, 0, 0
27, 0, 0, 0
28, 0, 0, 0
29, 0, 0, 0
30, 0, 0, 0
31, 0, 0, 0
32, 0, 0, 0
33, 0, 0, 0
34, 0, 0, 0
35, 0, 0, 0
36, 0, 0, 0
37, 0, 0, 0
38, 0, 0, 0
39, 0, 0, 0
40, 0, 0, 0
41, 0, 0, 0
42, 0, 0, 0
43, 0, 0, 0
44, 0, 0, 0
45, 0, 0, 0
46, 0, 0, 0
47, 0, 0, 0
48, 0, 0, 0
49, 0, 0, 0
50, 0, 0, 0
51, 0, 0, 0
52, 0, 0, 0
53, 0, 0, 0
54, 0, 0, 0
55, 0, 0, 0
56, 0, 0, 0
57, 0, 0, 0
58, 0, 0, 0
59, 0, 0, 0
60, 0, 0, 0
61, 0, 0, 0
62, 0, 0, 0
63, 0, 0, 0
64, 0, 0, 0
65, 0, 0, 0
66, 0, 0, 0
67, 0, 0, 0
68, 0, 0, 0
69, 0, 0, 0
70, 0, 0, 0
71, 0, 0, 0
72, 0, 0, 0
73, 0, 0, 0
74, 0, 0, 0
75, 0, 0, 0
76, 0, 0, 0
77, 0, 0, 0
78, 0, 0, 0
79, 0, 0, 0
80, 0, 0, 0
81, 0, 0, 0
82, 0, 0, 0
83, 0, 0, 0
84, 0, 0, 0
85, 0, 0, 0
86, 0, 0, 0
87, 0, 0, 0
88, 0, 0, 0
89, 0, 0, 0
90, 0, 0, 0
91, 0, 0, 0
92, 0, 0, 0
93, 0, 0, 0
94, 0, 0, 0
95, 0, 0, 0
96, 0, 0, 0
97, 0, 0, 0
98, 0, 0, 0
99, 0, 0, 0
100, 0, 0, 0
101, 0, 0, 0
102, 0, 0, 0
103, 0, 0, 0
104, 0, 0, 0
105, 0, 0, 0
106, 0, 0, 0
107, 0, 0, 0
108, 0, 0, 0
109, 0, 0, 0
110, 0, 0, 0
111, 0, 0, 0
112, 0, 0, 0
113, 0, 0, 0
114, 0, 0, 0
115, 0, 0, 0
116, 0, 0, 0
117, 0, 0, 0
118, 0, 0, 0
119, 0, 0, 0
120, 0, 0, 0
121, 0, 0, 0
122, 0, 0, 0
123, 0, 0, 0
124, 0, 0, 0
125, 0, 0, 0
126, 0, 0, 0
127, 0, 0, 0
128, 0, 0, 0
129, 0, 0, 0
130, 0, 0, 0
131, 0, 0, 0
132, 0, 0, 0
133, 0, 0, 0
134, 0, 0, 0
135, 0, 0, 0
136, 0, 0, 0
137, 0, 0, 0
138, 0, 0, 0
139, 0, 0, 0
140, 0, 0, 0
141, 0, 0, 0
142, 0, 0, 0
143, 0, 0, 0
144, 0, 0, 0
145, 0, 0, 0
146, 0, 0, 0
147, 0, 0, 0
148, 0, 0, 0
149, 0, 0, 0
150, 0, 0, 0
151, 0, 0, 0
152, 0, 0, 0
153, 0, 0, 0
154, 0, 0, 0
155, 0, 0, 0
156, 0, 0, 0
157, 0, 0, 0
158, 0, 0, 0
159, 0, 0, 0
160, 0, 0, 0
161, 0, 0, 0
162, 0, 0, 0
163, 0, 0, 0
164, 0, 0, 0
165, 0, 0, 0
166, 0, 0, 0
167, 0, 0, 0
168, 0, 0, 0
169, 0, 0, 0
170, 0, 0, 0
171, 0, 0, 0
172, 0, 0, 0
173, 0, 0, 0
174, 0, 0, 0
175, 0, 0, 0
176, 0, 0, 0
177, 0, 0, 0
178, 0, 0, 0
179, 0, 0, 0
180, 0, 0, 0
181, 0, 0, -0.000259411
182, 0, 0, -0.000518822
183, 0, 0, -0.000518822
184, 0, 0, -0.000518822
185, 0, 0, -0.000518822
186, 0, 0, -0.000259408
187, 0, 0, -0.000518822
188, 0, 0, -0.00103764
189, 0, 0, -0.00103764
190, 0, 0, -0.00103764
191, 0, 0, -0.00103764
192, 0, 0, -0.000518817
193, 0, 0, -0.000518822
194, 0, 0, -0.00103764
195, 0, 0, -0.00103764
196, 0, 0, -0.00103764
197, 0, 0, -0.00103764
198, 0, 0, -0.000518817
199, 0, 0, -0.000518822
200, 0, 0, -0.00103764
201, 0, 0, -0.00103764
202, 0, 0, -0.00103764
203, 0, 0, -0.00103764
204, 0, 0, -0.000518817
205, 0, 0, -0.000518822
206, 0, 0, -0.00103764
207, 0, 0, -0.00103764
208, 0, 0, -0.00103764
209, 0, 0, -0.00103764
210, 0, 0, -0.000518817
211, 0, 0, -0.000259408
212, 0, 0, -0.000518817
213, 0, 0, -0.000518817
214, 0, 0, -0.000518817
215, 0, 0, -0.000518817
216, 0, 0, -0.000259407
*Step  = 6
*Time  = 0.3
*Data  = Rx;Ry;Rz
1, 0, 0, 0
2, 0, 0, 0
3, 0, 0, 0
4, 0, 0, 0
5, 0, 0, 0
6, 0, 0, 0
7, 0, 0, 0
8, 0, 0, 0
9, 0, 0, 0
10, 0, 0, 0
11, 0, 0, 0
12, 0, 0, 0
13, 0, 0, 0
14, 0, 0, 0
15, 0, 0, 0
16, 0, 0, 0
17, 0, 0, 0
18, 0, 0, 0
19, 0, 0, 0
20, 0, 0, 0
21, 0, 0, 0
22, 0, 0, 0
23, 0, 0, 0
24, 0, 0, 0
25, 0, 0, 0
26, 0, 0, 0
27, 0, 0, 0
28, 0, 0, 0
29, 0, 0, 0
30, 0, 0, 0
31, 0, 0, 0
32, 0, 0, 0
33, 0, 0, 0
34, 0, 0, 0
35, 0, 0, 0
36, 0, 0, 0
37, 0, 0, 0
38, 0, 0, 0
39, 0, 0, 0
40, 0, 0, 0
41, 0, 0, 0
42, 0, 0, 0
43, 0, 0, 0
44, 0, 0, 0
45, 0, 0, 0
46, 0, 0, 0
47, 0, 0, 0
48, 0, 0, 0
49, 0, 0, 0
50, 0, 0, 0
51, 0, 0, 0
52, 0, 0, 0
53, 0, 0, 0
54, 0, 0, 0
55, 0, 0, 0
56, 0, 0, 0
57, 0, 0, 0
58, 0, 0, 0
59, 0, 0, 0
60, 0, 0, 0
61, 0, 0, 0
62, 0, 0, 0
63, 0, 0, 0
64, 0, 0, 0
65, 0, 0, 0
66, 0, 0, 0
67, 0, 0, 0
68, 0, 0, 0
69, 0, 0, 0
70, 0, 0, 0
71, 0, 0, 0
72, 0, 0, 0
73, 0, 0, 0
74, 0, 0, 0
75, 0, 0, 0
76, 0, 0, 0
77, 0, 0, 0
78, 0, 0, 0
79, 0, 0, 0
80, 0, 0, 0
81, 0, 0, 0
82, 0, 0, 0
83, 0, 0, 0
84, 0, 0, 0
85, 0, 0, 0
86, 0, 0, 0
87, 0, 0, 0
88, 0, 0, 0
89, 0, 0, 0
90, 0, 0, 0
91, 0, 0, 0
92, 0, 0, 0
93, 0, 0, 0
94, 0, 0, 0
95, 0, 0, 0
96, 0, 0, 0
97, 0, 0, 0
98, 0, 0, 0
99, 0, 0, 0
100, 0, 0, 0
101, 0, 0, 0
102, 0, 0, 0
103, 0, 0, 0
104, 0, 0, 0
105, 0, 0, 0
106, 0, 0, 0
107, 0, 0, 0
108, 0, 0, 0
109, 0, 0, 0
110, 0, 0, 0
111, 0, 0, 0
112, 0, 0, 0
113, 0, 0, 0
114, 0, 0, 0
115, 0, 0, 0
116, 0, 0, 0
117, 0, 0, 0
118, 0, 0, 0
119, 0, 0, 0
120, 0, 0, 0
121, 0, 0, 0
122, 0, 0, 0
123, 0, 0, 0
124, 0, 0, 0
125, 0, 0, 0
126, 0, 0, 0
127, 0, 0, 0
128, 0, 0, 0
129, 0, 0, 0
130, 0, 0, 0
131, 0, 0, 0
132, 0, 0, 0
133, 0, 0, 0
134, 0, 0, 0
135, 0, 0, 0
136, 0, 0, 0
137, 0, 0, 0
138, 0, 0, 0
139, 0, 0, 0
140, 0, 0, 0
141, 0, 0, 0
142, 0, 0, 0
143, 0, 0, 0
144, 0, 0, 0
145, 0, 0, 0
146, 0, 0, 0
147, 0, 0, 0
148, 0, 0, 0
149, 0, 0, 0
150, 0, 0, 0
151, 0, 0, 0
152, 0, 0, 0
153, 0, 0, 0
154, 0, 0, 0
155, 0, 0, 0
156, 0, 0, 0
157, 0, 0, 0
158, 0, 0, 0
159, 0, 0, 0
160, 0, 0, 0
161, 0, 0, 0
162, 0, 0, 0
163, 0, 0, 0
164, 0, 0, 0
165, 0, 0, 0
166, 0, 0, 0
167, 0, 0, 0
168, 0, 0, 0
169, 0, 0, 0
170, 0, 0, 0
171, 0, 0, 0
172, 0, 0, 0
173, 0, 0, 0
174, 0, 0, 0
175, 0, 0, 0
176, 0, 0, 0
177, 0, 0, 0
178, 0, 0, 0
179, 0, 0, 0
180, 0, 0, 0
181, 0, 0, -0.000323012
182, 0, 0, -0.000646025
183, 0, 0, -0.000646025
184, 0, 0, -0.000646025
185, 0, 0, -0.000646024
186, 0, 0, -0.000323009
187, 0, 0, -0.000646025
188, 0, 0, -0.00129205
189, 0, 0, -0.00129205
190, 0, 0, -0.00129205
191, 0, 0, -0.00129205
192, 0, 0, -0.000646019
193, 0, 0, -0.000646025
194, 0, 0, -0.00129205
195, 0, 0, -0.00129205
196, 0, 0, -0.00129205
197, 0, 0, -0.00129205
198, 0, 0, -0.000646019
199, 0, 0, -0.000646025
200, 0, 0, -0.00129205
201, 0, 0, -0.00129205
202, 0, 0, -0.00129205
203, 0, 0, -0.00129205
204, 0, 0, -0.00064602
205, 0, 0, -0.000646024
206, 0, 0, -0.00129205
207, 0, 0, -0.00129205
208, 0, 0, -0.00129205
209, 0, 0, -0.00129205
210, 0, 0, -0.00064602
211, 0, 0, -0.000323009
212, 0, 0, -0.000646019
213, 0, 0, -0.000646019
214, 0, 0, -0.00064602
215, 0, 0, -0.00064602
216, 0, 0, -0.000323008
*Step  = 7
*Time  = 0.35
*Data  = Rx;Ry;Rz
1, 0, 0, 0
2, 0, 0, 0
3, 0, 0, 0
4, 0, 0, 0
5, 0, 0, 0
6, 0, 0, 0
7, 0, 0, 0
8, 0, 0, 0
9, 0, 0, 0
10, 0, 0, 0
11, 0, 0, 0
12, 0, 0, 0
13, 0, 0, 0
14, 0, 0, 0
15, 0, 0, 0
16, 0, 0, 0
17, 0, 0, 0
18, 0, 0, 0
19, 0, 0, 0
20, 0, 0, 0
21, 0, 0, 0
22, 0, 0, 0
23, 0, 0, 0
24, 0, 0, 0
25, 0, 0, 0
26, 0, 0, 0
27, 0, 0, 0
28, 0, 0, 0
29, 0, 0, 0
30, 0, 0, 0
31, 0, 0, 0
32, 0, 0, 0
33, 0, 0, 0
34, 0, 0, 0
35, 0, 0, 0
36, 0, 0, 0
37, 0, 0, 0
38, 0, 0, 0
39, 0, 0, 0
40, 0, 0, 0
41, 0, 0, 0
42, 0, 0, 0
43, 0, 0, 0
44, 0, 0, 0
45, 0, 0, 0
46, 0, 0, 0
47, 0, 0, 0
48, 0, 0, 0
49, 0, 0, 0
50, 0, 0, 0
51, 0, 0, 0
52, 0, 0, 0
53, 0, 0, 0
54, 0, 0, 0
55, 0, 0, 0
56, 0, 0, 0
57, 0, 0, 0
58, 0, 0, 0
59, 0, 0, 0
60, 0, 0, 0
61, 0, 0, 0
62, 0, 0, 0
63, 0, 0, 0
64, 0, 0, 0
65, 0, 0, 0
66, 0, 0, 0
67, 0, 0, 0
68, 0, 0, 0
69, 0, 0, 0
70, 0, 0, 0
71, 0, 0, 0
72, 0, 0, 0
73, 0, 0, 0
74, 0, 0, 0
75, 0, 0, 0
76, 0, 0, 0
77, 0, 0, 0
78, 0, 0, 0
79, 0, 0, 0
80, 0, 0, 0
81, 0, 0, 0
82, 0, 0, 0
83, 0, 0, 0
84, 0, 0, 0
85, 0, 0, 0
86, 0, 0, 0
87, 0, 0, 0
88, 0, 0, 0
89, 0, 0, 0
90, 0, 0, 0
91, 0, 0, 0
92, 0, 0, 0
93, 0, 0, 0
94, 0, 0, 0
95, 0, 0, 0
96, 0, 0, 0
97, 0, 0, 0
98, 0, 0, 0
99, 0, 0, 0
100, 0, 0, 0
101, 0, 0, 0
102, 0, 0, 0
103, 0, 0, 0
104, 0, 0, 0
105, 0, 0, 0
106, 0, 0, 0
107, 0, 0, 0
108, 0, 0, 0
109, 0, 0, 0
110, 0, 0, 0
111, 0, 0, 0
112, 0, 0, 0
113, 0, 0, 0
114, 0, 0, 0
115, 0, 0, 0
116, 0, 0, 0
117, 0, 0, 0
118, 0, 0, 0
119, 0, 0, 0
120, 0, 0, 0
121, 0, 0, 0
122, 0, 0, 0
123, 0, 0, 0
124, 0, 0, 0
125, 0, 0, 0
126, 0, 0, 0
127, 0, 0, 0
128, 0, 0, 0
129, 0, 0, 0
130, 0, 0, 0
131, 0, 0, 0
132, 0, 0, 0
133, 0, 0, 0
134, 0, 0, 0
135, 0, 0, 0
136, 0, 0, 0
137, 0, 0, 0
138, 0, 0, 0
139, 0, 0, 0
140, 0, 0, 0
141, 0, 0, 0
142, 0, 0, 0
143, 0, 0, 0
144, 0, 0, 0
145, 0, 0, 0
146, 0, 0, 0
147, 0, 0, 0
148, 0, 0, 0
149, 0, 0, 0
150, 0, 0, 0
151, 0, 0, 0
152, 0, 0, 0
153, 0, 0, 0
154, 0, 0, 0
155, 0, 0, 0
156, 0, 0, 0
157, 0, 0, 0
158, 0, 0, 0
159, 0, 0, 0
160, 0, 0, 0
161, 0, 0, 0
162, 0, 0, 0
163, 0, 0, 0
164, 0, 0, 0
165, 0, 0, 0
166, 0, 0, 0
167, 0, 0, 0
168, 0, 0, 0
169, 0, 0, 0
170, 0, 0, 0
171, 0, 0, 0
172, 0, 0, 0
173, 0, 0, 0
174, 0, 0, 0
175, 0, 0, 0
176, 0, 0, 0
177, 0, 0, 0
178, 0, 0, 0
179, 0, 0, 0
180, 0, 0, 0
181, 0, 0, -0.000392202
182, 0, 0, -0.000784404
183, 0, 0, -0.000784404
184, 0, 0, -0.000784404
185, 0, 0, -0.000784404
186, 0, 0, -0.000392199
187, 0, 0, -0.000784404
188, 0, 0, -0.00156881
189, 0, 0, -0.00156881
190, 0, 0, -0.00156881
191, 0, 0, -0.00156881
192, 0, 0, -0.000784398
193, 0, 0, -0.000784404
194, 0, 0, -0.00156881
195, 0, 0, -0.00156881
196, 0, 0, -0.00156881
197, 0, 0, -0.00156881
198, 0, 0, -0.000784398
199, 0, 0, -0.000784404
200, 0, 0, -0.00156881
201, 0, 0, -0.00156881
202, 0, 0, -0.00156881
203, 0, 0, -0.00156881
204, 0, 0, -0.000784399
205, 0, 0, -0.000784404
206, 0, 0, -0.00156881
207, 0, 0, -0.00156881
208, 0, 0, -0.00156881
209, 0, 0, -0.00156881
210, 0, 0, -0.000784399
211, 0, 0, -0.000392199
212, 0, 0, -0.000784398
213, 0, 0, -0.000784398
214, 0, 0, -0.000784399
215, 0, 0, -0.000784399
216, 0, 0, -0.000392198
*Step  = 8
*Time  = 0.4
*Data  = Rx;Ry;Rz
1, 0, 0, 0
2, 0, 0, 0
3, 0, 0, 0
4, 0, 0, 0
5, 0, 0, 0
6, 0, 0, 0
7, 0, 0, 0
8, 0, 0, 0
9, 0, 0, 0
10, 0, 0, 0
11, 0, 0, 0
12, 0, 0, 0
13, 0, 0, 0
14, 0, 0, 0
15, 0, 0, 0
16, 0, 0, 0
17, 0, 0, 0
18, 0, 0, 0
19, 0, 0, 0
20, 0, 0, 0
21, 0, 0, 0
22, 0, 0, 0
23, 0, 0, 0
24, 0, 0, 0
25, 0, 0, 0
26, 0, 0, 0
27, 0, 0, 0
28, 0, 0, 0
29, 0, 0, 0
30, 0, 0, 0
31, 0, 0, 0
32, 0, 0, 0
33, 0, 0, 0
34, 0, 0, 0
35, 0, 0, 0
36, 0, 0, 0
37, 0, 0, 0
38, 0, 0, 0
39, 0, 0, 0
40, 0, 0, 0
41, 0, 0, 0
42, 0, 0, 0
43, 0, 0, 0
44, 0, 0, 0
45, 0, 0, 0
46, 0, 0, 0
47, 0, 0, 0
48, 0, 0, 0
49, 0, 0, 0
50, 0, 0, 0
51, 0, 0, 0
52, 0, 0, 0
53, 0, 0, 0
54, 0, 0, 0
55, 0, 0, 0
56, 0, 0, 0
57, 0, 0, 0
58, 0, 0, 0
59, 0, 0, 0
60, 0, 0, 0
61, 0, 0, 0
62, 0, 0, 0
63, 0, 0, 0
64, 0, 0, 0
65, 0, 0, 0
66, 0, 0, 0
67, 0, 0, 0
68, 0, 0, 0
69, 0, 0, 0
70, 0, 0, 0
71, 0, 0, 0
72, 0, 0, 0
73, 0, 0, 0
74, 0, 0, 0
75, 0, 0, 0
76, 0, 0, 0
77, 0, 0, 0
78, 0, 0, 0
79, 0, 0, 0
80, 0, 0, 0
81, 0, 0, 0
82, 0, 0, 0
83, 0, 0, 0
84, 0, 0, 0
85, 0, 0, 0
86, 0, 0, 0
87, 0, 0, 0
88, 0, 0, 0
89, 0, 0, 0
90, 0, 0, 0
91, 0, 0, 0
92, 0, 0, 0
93, 0, 0, 0
94, 0, 0, 0
95, 0, 0, 0
96, 0, 0, 0
97, 0, 0, 0
98, 0, 0, 0
99, 0, 0, 0
100, 0, 0, 0
101, 0, 0, 0
102, 0, 0, 0
103, 0, 0, 0
104, 0, 0, 0
105, 0, 0, 0
106, 0, 0, 0
107, 0, 0, 0
108, 0, 0, 0
109, 0, 0, 0
110, 0, 0, 0
111, 0, 0, 0
112, 0, 0, 0
113, 0, 0, 0
114, 0, 0, 0
115, 0, 0, 0
116, 0, 0, 0
117, 0, 0, 0
118, 0, 0, 0
119, 0, 0, 0
120, 0, 0, 0
121, 0, 0, 0
122, 0, 0, 0
123, 0, 0, 0
124, 0, 0, 0
125, 0, 0, 0
126, 0, 0, 0
127, 0, 0, 0
128, 0, 0, 0
129, 0, 0, 0
130, 0, 0, 0
131, 0, 0, 0
132, 0, 0, 0
133, 0, 0, 0
134, 0, 0, 0
135, 0, 0, 0
136, 0, 0, 0
137, 0, 0, 0
138, 0, 0, 0
139, 0, 0, 0
140, 0, 0, 0
141, 0, 0, 0
142, 0, 0, 0
143, 0, 0, 0
144, 0, 0, 0
145, 0, 0, 0
146, 0, 0, 0
147, 0, 0, 0
148, 0, 0, 0
149, 0, 0, 0
150, 0, 0, 0
151, 0, 0, 0
152, 0, 0, 0
153, 0, 0, 0
154, 0, 0, 0
155, 0, 0, 0
156, 0, 0, 0
157, 0, 0, 0
158, 0, 0, 0
159, 0, 0, 0
160, 0, 0, 0
161, 0, 0, 0
162, 0, 0, 0
163, 0, 0, 0
164, 0, 0, 0
165, 0, 0, 0
166, 0, 0, 0
167, 0, 0, 0
168, 0, 0, 0
169, 0, 0, 0
170, 0, 0, 0
171, 0, 0, 0
172, 0, 0, 0
173, 0, 0, 0
174, 0, 0, 0
175, 0, 0, 0
176, 0, 0, 0
177, 0, 0, 0
178, 0, 0, 0
179, 0, 0, 0
180, 0, 0, 0
181, 0, 0, -0.000467938
182, 0, 0, -0.000935877
183, 0, 0, -0.000935877
184, 0, 0, -0.000935877
185, 0, 0, -0.000935876
186, 0, 0, -0.000467935
187, 0, 0, -0.000935877
188, 0, 0, -0.00187175
189, 0, 0, -0.00187175
190, 0, 0, -0.00187175
191, 0, 0, -0.00187175
192, 0, 0, -0.000935869
193, 0, 0, -0.000935877
194, 0, 0, -0.00187175
195, 0, 0, -0.00187175
196, 0, 0, -0.00187175
197, 0, 0, -0.00187175
198, 0, 0, -0.00093587
199, 0, 0, -0.000935877
200, 0, 0, -0.00187175
201, 0, 0, -0.00187175
202, 0, 0, -0.00187175
203, 0, 0, -0.00187175
204, 0, 0, -0.00093587
205, 0, 0, -0.000935876
206, 0, 0, -0.00187175
207, 0, 0, -0.00187175
208, 0, 0, -0.00187175
209, 0, 0, -0.00187175
210, 0, 0, -0.00093587
211, 0, 0, -0.000467935
212, 0, 0, -0.000935869
213, 0, 0, -0.00093587
214, 0, 0, -0.00093587
215, 0, 0, -0.00093587
216, 0, 0, -0.000467933
*Step  = 9
*Time  = 0.45
*Data  = Rx;Ry;Rz
1, 0, 0, 0
2, 0, 0, 0
3, 0, 0, 0
4, 0, 0, 0
5, 0, 0, 0
6, 0, 0, 0
7, 0, 0, 0
8, 0, 0, 0
9, 0, 0, 0
10, 0, 0, 0
11, 0, 0, 0
12, 0, 0, 0
13, 0, 0, 0
14, 0, 0, 0
15, 0, 0, 0
16, 0, 0, 0
17, 0, 0, 0
18, 0, 0, 0
19, 0, 0, 0
20, 0, 0, 0
21, 0, 0, 0
22, 0, 0, 0
23, 0, 0, 0
24, 0, 0, 0
25, 0, 0, 0
26, 0, 0, 0
27, 0, 0, 0
28, 0, 0, 0
29, 0, 0, 0
30, 0, 0, 0
31, 0, 0, 0
32, 0, 0, 0
33, 0, 0, 0
34, 0, 0, 0
35, 0, 0, 0
36, 0, 0, 0
37, 0, 0, 0
38, 0, 0, 0
39, 0, 0, 0
40, 0, 0, 0
41, 0, 0, 0
42, 0, 0, 0
43, 0, 0, 0
44, 0, 0, 0
45, 0, 0, 0
46, 0, 0, 0
47, 0, 0, 0
48, 0, 0, 0
49, 0, 0, 0
50, 0, 0, 0
51, 0, 0, 0
52, 0, 0, 0
53, 0, 0, 0
54, 0, 0, 0
55, 0, 0, 0
56, 0, 0, 0
57, 0, 0, 0
58, 0, 0, 0
59, 0, 0, 0
60, 0, 0, 0
61, 0, 0, 0
62, 0, 0, 0
63, 0, 0, 0
64, 0, 0, 0
65, 0, 0, 0
66, 0, 0, 0
67, 0, 0, 0
68, 0, 0, 0
69, 0, 0, 0
70, 0, 0, 0
71, 0, 0, 0
72, 0, 0, 0
73, 0, 0, 0
74, 0, 0, 0
75, 0, 0, 0
76, 0, 0, 0
77, 0, 0, 0
78, 0, 0, 0
79, 0, 0, 0
80, 0, 0, 0
81, 0, 0, 0
82, 0, 0, 0
83, 0, 0, 0
84, 0, 0, 0
85, 0, 0, 0
86, 0, 0, 0
87, 0, 0, 0
88, 0, 0, 0
89, 0, 0, 0
90, 0, 0, 0
91, 0, 0, 0
92, 0, 0, 0
93, 0, 0, 0
94, 0, 0, 0
95, 0, 0, 0
96, 0, 0, 0
97, 0, 0, 0
98, 0, 0, 0
99, 0, 0, 0
100, 0, 0, 0
101, 0, 0, 0
102, 0, 0, 0
103, 0, 0, 0
104, 0, 0, 0
105, 0, 0, 0
106, 0, 0, 0
107, 0, 0, 0
108, 0, 0, 0
109, 0, 0, 0
110, 0, 0, 0
111, 0, 0, 0
112, 0, 0, 0
113, 0, 0, 0
114, 0, 0, 0
115, 0, 0, 0
116, 0, 0, 0
117, 0, 0, 0
118, 0, 0, 0
119, 0, 0, 0
120, 0, 0, 0
121, 0, 0, 0
122, 0, 0, 0
123, 0, 0, 0
124, 0, 0, 0
125, 0, 0, 0
126, 0, 0, 0
127, 0, 0, 0
128, 0, 0, 0
129, 0, 0, 0
130, 0, 0, 0
131, 0, 0, 0
132, 0, 0, 0
133, 0, 0, 0
134, 0, 0, 0
135, 0, 0, 0
136, 0, 0, 0
137, 0, 0, 0
138, 0, 0, 0
139, 0, 0, 0
140, 0, 0, 0
141, 0, 0, 0
142, 0, 0, 0
143, 0, 0, 0
144, 0, 0, 0
145, 0, 0, 0
146, 0, 0, 0
147, 0, 0, 0
148, 0, 0, 0
149, 0, 0, 0
150, 0, 0, 0
151, 0, 0, 0
152, 0, 0, 0
153, 0, 0, 0
154, 0, 0, 0
155, 0, 0, 0
156, 0, 0, 0
157, 0, 0, 0
158, 0, 0, 0
159, 0, 0, 0
160, 0, 0, 0
161, 0, 0, 0
162, 0, 0, 0
163, 0, 0, 0
164, 0, 0, 0
165, 0, 0, 0
166, 0, 0, 0
167, 0, 0, 0
168, 0, 0, 0
169, 0, 0, 0
170, 0, 0, 0
171, 0, 0, 0
172, 0, 0, 0
173, 0, 0, 0
174, 0, 0, 0
175, 0, 0, 0
176, 0, 0, 0
177, 0, 0, 0
178, 0, 0, 0
179, 0, 0, 0
180, 0, 0, 0
181, 0, 0, -0.00055134
182, 0, 0, -0.00110268
183, 0, 0, -0.00110268
184, 0, 0, -0.00110268
185, 0, 0, -0.00110268
186, 0, 0, -0.000551336
187, 0, 0, -0.00110268
188, 0, 0, -0.00220536
189, 0, 0, -0.00220536
190, 0, 0, -0.00220536
191, 0, 0, -0.00220536
192, 0, 0, -0.00110267
193, 0, 0, -0.00110268
194, 0, 0, -0.00220536
195, 0, 0, -0.00220536
196, 0, 0, -0.00220536
197, 0, 0, -0.00220536
198, 0, 0, -0.00110267
199, 0, 0, -0.00110268
200, 0, 0, -0.00220536
201, 0, 0, -0.00220536
202, 0, 0, -0.00220536
203, 0, 0, -0.00220536
204, 0, 0, -0.00110267
205, 0, 0, -0.00110268
206, 0, 0, -0.00220536
207, 0, 0, -0.00220536
208, 0, 0, -0.00220536
209, 0, 0, -0.00220536
210, 0, 0, -0.00110267
211, 0, 0, -0.000551336
212, 0, 0, -0.00110267
213, 0, 0, -0.00110267
214, 0, 0, -0.00110267
215, 0, 0, -0.00110267
216, 0, 0, -0.000551334
*Step  = 10
*Time  = 0.5
*Data  = Rx;Ry;Rz
1, 0, 0, 0
2, 0, 0, 0
3, 0, 0, 0
4, 0, 0, 0
5, 0, 0, 0
6, 0, 0, 0
7, 0, 0, 0
8, 0, 0, 0
9, 0, 0, 0
10, 0, 0, 0
11, 0, 0, 0
12, 0, 0, 0
13, 0, 0, 0
14, 0, 0, 0
15, 0, 0, 0
16, 0, 0, 0
17, 0, 0, 0
18, 0, 0, 0
19, 0, 0, 0
20, 0, 0, 0
21, 0, 0, 0
22, 0, 0, 0
23, 0, 0, 0
24, 0, 0, 0
25, 0, 0, 0
26, 0, 0, 0
27, 0, 0, 0
28, 0, 0, 0
29, 0, 0, 0
30, 0, 0, 0
31, 0, 0, 0
32, 0, 0, 0
33, 0, 0, 0
34, 0, 0, 0
35, 0, 0, 0
36, 0, 0, 0
37, 0, 0, 0
38, 0, 0, 0
39, 0, 0, 0
40, 0, 0, 0
41, 0, 0, 0
42, 0, 0, 0
43, 0, 0, 0
44, 0, 0, 0
45, 0, 0, 0
46, 0, 0, 0
47, 0, 0, 0
48, 0, 0, 0
49, 0, 0, 0
50, 0, 0, 0
51, 0, 0, 0
52, 0, 0, 0
53, 0, 0, 0
54, 0, 0, 0
55, 0, 0, 0
56, 0, 0, 0
57, 0, 0, 0
58, 0, 0, 0
59, 0, 0, 0
60, 0, 0, 0
61, 0, 0, 0
62, 0, 0, 0
63, 0, 0, 0
64, 0, 0, 0
65, 0, 0, 0
66, 0, 0, 0
67, 0, 0, 0
68, 0, 0, 0
69, 0, 0, 0
70, 0, 0, 0
71, 0, 0, 0
72, 0, 0, 0
73, 0, 0, 0
74, 0, 0, 0
75, 0, 0, 0
76, 0, 0, 0
77, 0, 0, 0
78, 0, 0, 0
79, 0, 0, 0
80, 0, 0, 0
81, 0, 0, 0
82, 0, 0, 0
83, 0, 0, 0
84, 0, 0, 0
85, 0, 0, 0
86, 0, 0, 0
87, 0, 0, 0
88, 0, 0, 0
89, 0, 0, 0
90, 0, 0, 0
91, 0, 0, 0
92, 0, 0, 0
93, 0, 0, 0
94, 0, 0, 0
95, 0, 0, 0
96, 0, 0, 0
97, 0, 0, 0
98, 0, 0, 0
99, 0, 0, 0
100, 0, 0, 0
101, 0, 0, 0
102, 0, 0, 0
103, 0, 0, 0
104, 0, 0, 0
105, 0, 0, 0
106, 0, 0, 0
107, 0, 0, 0
108, 0, 0, 0
109, 0, 0, 0
110, 0, 0, 0
111, 0, 0, 0
112, 0, 0, 0
113, 0, 0, 0
114, 0, 0, 0
115, 0, 0, 0
116, 0, 0, 0
117, 0, 0, 0
118, 0, 0, 0
119, 0, 0, 0
120, 0, 0, 0
121, 0, 0, 0
122, 0, 0, 0
123, 0, 0, 0
124, 0, 0, 0
125, 0, 0, 0
126, 0, 0, 0
127, 0, 0, 0
128, 0, 0, 0
129, 0, 0, 0
130, 0, 0, 0
131, 0, 0, 0
132, 0, 0, 0
133, 0, 0, 0
134, 0, 0, 0
135, 0, 0, 0
136, 0, 0, 0
137, 0, 0, 0
138, 0, 0, 0
139, 0, 0, 0
140, 0, 0, 0
141, 0, 0, 0
142, 0, 0, 0
143, 0, 0, 0
144, 0, 0, 0
145, 0, 0, 0
146, 0, 0, 0
147, 0, 0, 0
148, 0, 0, 0
149, 0, 0, 0
150, 0, 0, 0
151, 0, 0, 0
152, 0, 0, 0
153, 0, 0, 0
154, 0, 0, 0
155, 0, 0, 0
156, 0, 0, 0
157, 0, 0, 0
158, 0, 0, 0
159, 0, 0, 0
160, 0, 0, 0
161, 0, 0, 0
162, 0, 0, 0
163, 0, 0, 0
164, 0, 0, 0
165, 0, 0, 0
166, 0, 0, 0
167, 0, 0, 0
168, 0, 0, 0
169, 0, 0, 0
170, 0, 0, 0
171, 0, 0, 0
172, 0, 0, 0
173, 0, 0, 0
174, 0, 0, 0
175, 0, 0, 0
176, 0, 0, 0
177, 0, 0, 0
178, 0, 0, 0
179, 0, 0, 0
180, 0, 0, 0
181, 0, 0, -0.000643719
182, 0, 0, -0.00128744
183, 0, 0, -0.00128744
184, 0, 0, -0.00128744
185, 0, 0, -0.00128744
186, 0, 0, -0.000643714
187, 0, 0, -0.00128744
188, 0, 0, -0.00257488
189, 0, 0, -0.00257488
190, 0, 0, -0.00257488
191, 0, 0, -0.00257487
192, 0, 0, -0.00128743
193, 0, 0, -0.00128744
194, 0, 0, -0.00257488
195, 0, 0, -0.00257488
196, 0, 0, -0.00257488
197, 0, 0, -0.00257487
198, 0, 0, -0.00128743
199, 0, 0, -0.00128744
200, 0, 0, -0.00257488
201, 0, 0, -0.00257488
202, 0, 0, -0.00257488
203, 0, 0, -0.00257487
204, 0, 0, -0.00128743
205, 0, 0, -0.00128744
206, 0, 0, -0.00257487
207, 0, 0, -0.00257487
208, 0, 0, -0.00257487
209, 0, 0, -0.00257487
210, 0, 0, -0.00128743
211, 0, 0, -0.000643714
212, 0, 0, -0.00128743
213, 0, 0, -0.00128743
214, 0, 0, -0.00128743
215, 0, 0, -0.00128743
216, 0, 0, -0.000643713
*Step  = 11
*Time  = 0.55
*Data  = Rx;Ry;Rz
1, 0, 0, 0
2, 0, 0, 0
3, 0, 0, 0
4, 0, 0, 0
5, 0, 0, 0
6, 0, 0, 0
7, 0, 0, 0
8, 0, 0, 0
9, 0, 0, 0
10, 0, 0, 0
11, 0, 0, 0
12, 0, 0, 0
13, 0, 0, 0
14, 0, 0, 0
15, 0, 0, 0
16, 0, 0, 0
17, 0, 0, 0
18, 0, 0, 0
19, 0, 0, 0
20, 0, 0, 0
21, 0, 0, 0
22, 0, 0, 0
23, 0, 0, 0
24, 0, 0, 0
25, 0, 0, 0
26, 0, 0, 0
27, 0, 0, 0
28, 0, 0, 0
29, 0, 0, 0
30, 0, 0, 0
31, 0, 0, 0
32, 0, 0, 0
33, 0, 0, 0
34, 0, 0, 0
35, 0, 0, 0
36, 0, 0, 0
37, 0, 0, 0
38, 0, 0, 0
39, 0, 0, 0
40, 0, 0, 0
41, 0, 0, 0
42, 0, 0, 0
43, 0, 0, 0
44, 0, 0, 0
45, 0, 0, 0
46, 0, 0, 0
47, 0, 0, 0
48, 0, 0, 0
49, 0, 0, 0
50, 0, 0, 0
51, 0, 0, 0
52, 0, 0, 0
53, 0, 0, 0
54, 0, 0, 0
55, 0, 0, 0
56, 0, 0, 0
57, 0, 0, 0
58, 0, 0, 0
59, 0, 0, 0
60, 0, 0, 0
61, 0, 0, 0
62, 0, 0, 0
63, 0, 0, 0
64, 0, 0, 0
65, 0, 0, 0
66, 0, 0, 0
67, 0, 0, 0
68, 0, 0, 0
69, 0, 0, 0
70, 0, 0, 0
71, 0, 0, 0
72, 0, 0, 0
73, 0, 0, 0
74, 0, 0, 0
75, 0, 0, 0
76, 0, 0, 0
77, 0, 0, 0
78, 0, 0, 0
79, 0, 0, 0
80, 0, 0, 0
81, 0, 0, 0
82, 0, 0, 0
83, 0, 0, 0
84, 0, 0, 0
85, 0, 0, 0
86, 0, 0, 0
87, 0, 0, 0
88, 0, 0, 0
89, 0, 0, 0
90, 0, 0, 0
91, 0, 0, 0
92, 0, 0, 0
93, 0, 0, 0
94, 0, 0, 0
95, 0, 0, 0
96, 0, 0, 0
97, 0, 0, 0
98, 0, 0, 0
99, 0, 0, 0
100, 0, 0, 0
101, 0, 0, 0
102, 0, 0, 0
103, 0, 0, 0
104, 0, 0, 0
105, 0, 0, 0
106, 0, 0, 0
107, 0, 0, 0
108, 0, 0, 0
109, 0, 0, 0
110, 0, 0, 0
111, 0, 0, 0
112, 0, 0, 0
113, 0, 0, 0
114, 0, 0, 0
115, 0, 0, 0
116, 0, 0, 0
117, 0, 0, 0
118, 0, 0, 0
119, 0, 0, 0
120, 0, 0, 0
121, 0, 0, 0
122, 0, 0, 0
123, 0, 0, 0
124, 0, 0, 0
125, 0, 0, 0
126, 0, 0, 0
127, 0, 0, 0
128, 0, 0, 0
129, 0, 0, 0
130, 0, 0, 0
131, 0, 0, 0
132, 0, 0, 0
133, 0, 0, 0
134, 0, 0, 0
135, 0, 0, 0
136, 0, 0, 0
137, 0, 0, 0
138, 0, 0, 0
139, 0, 0, 0
140, 0, 0, 0
141, 0, 0, 0
142, 0, 0, 0
143, 0, 0, 0
144, 0, 0, 0
145, 0, 0, 0
146, 0, 0, 0
147, 0, 0, 0
148, 0, 0, 0
149, 0, 0, 0
150, 0, 0, 0
151, 0, 0, 0
152, 0, 0, 0
153, 0, 0, 0
154, 0, 0, 0
155, 0, 0, 0
156, 0, 0, 0
157, 0, 0, 0
158, 0, 0, 0
159, 0, 0, 0
160, 0, 0, 0
161, 0, 0, 0
162, 0, 0, 0
163, 0, 0, 0
164, 0, 0, 0
165, 0, 0, 0
166, 0, 0, 0
167, 0, 0, 0
168, 0, 0, 0
169, 0, 0, 0
170, 0, 0, 0
171, 0, 0, 0
172, 0, 0, 0
173, 0, 0, 0
174, 0, 0, 0
175, 0, 0, 0
176, 0, 0, 0
177, 0, 0, 0
178, 0, 0, 0
179, 0, 0, 0
180, 0, 0, 0
181, 0, 0, -0.000746619
182, 0, 0, -0.00149324
183, 0, 0, -0.00149324
184, 0, 0, -0.00149324
185, 0, 0, -0.00149324
186, 0, 0, -0.000746614
187, 0, 0, -0.00149324
188, 0, 0, -0.00298648
189, 0, 0, -0.00298648
190, 0, 0, -0.00298648
191, 0, 0, -0.00298648
192, 0, 0, -0.00149323
193, 0, 0, -0.00149324
194, 0, 0, -0.00298648
195, 0, 0, -0.00298648
196, 0, 0, -0.00298648
197, 0, 0, -0.00298648
198, 0, 0, -0.00149323
199, 0, 0, -0.00149324
200, 0, 0, -0.00298648
201, 0, 0, -0.00298648
202, 0, 0, -0.00298648
203, 0, 0, -0.00298648
204, 0, 0, -0.00149323
205, 0, 0, -0.00149324
206, 0, 0, -0.00298648
207, 0, 0, -0.00298648
208, 0, 0, -0.00298648
209, 0, 0, -0.00298648
210, 0, 0, -0.00149323
211, 0, 0, -0.000746614
212, 0, 0, -0.00149323
213, 0, 0, -0.00149323
214, 0, 0, -0.00149323
215, 0, 0, -0.00149323
216, 0, 0, -0.000746613
*Step  = 12
*Time  = 0.6
*Data  = Rx;Ry;Rz
1, 0, 0, 0
2, 0, 0, 0
3, 0, 0, 0
4, 0, 0, 0
5, 0, 0, 0
6, 0, 0, 0
7, 0, 0, 0
8, 0, 0, 0
9, 0, 0, 0
10, 0, 0, 0
11, 0, 0, 0
12, 0, 0, 0
13, 0, 0, 0
14, 0, 0, 0
15, 0, 0, 0
16, 0, 0, 0
17, 0, 0, 0
18, 0, 0, 0
19, 0, 0, 0
20, 0, 0, 0
21, 0, 0, 0
22, 0, 0, 0
23, 0, 0, 0
24, 0, 0, 0
25, 0, 0, 0
26, 0, 0, 0
27, 0, 0, 0
28, 0, 0, 0
29, 0, 0, 0
30, 0, 0, 0
31, 0, 0, 0
32, 0, 0, 0
33, 0, 0, 0
34, 0, 0, 0
35, 0, 0, 0
36, 0, 0, 0
37, 0, 0, 0
38, 0, 0, 0
39, 0, 0, 0
40, 0, 0, 0
41, 0, 0, 0
42, 0, 0, 0
43, 0, 0, 0
44, 0, 0, 0
45, 0, 0, 0
46, 0, 0, 0
47, 0, 0, 0
48, 0, 0, 0
49, 0, 0, 0
50, 0, 0, 0
51, 0, 0, 0
52, 0, 0, 0
53, 0, 0, 0
54, 0, 0, 0
55, 0, 0, 0
56, 0, 0, 0
57, 0, 0, 0
58, 0, 0, 0
59, 0, 0, 0
60, 0, 0, 0
61, 0, 0, 0
62, 0, 0, 0
63, 0, 0, 0
64, 0, 0, 0
65, 0, 0, 0
66, 0, 0, 0
67, 0, 0, 0
68, 0, 0, 0
69, 0, 0, 0
70, 0, 0, 0
71, 0, 0, 0
72, 0, 0, 0
73, 0, 0, 0
74, 0, 0, 0
75, 0, 0, 0
76, 0, 0, 0
77, 0, 0, 0
78, 0, 0, 0
79, 0, 0, 0
80, 0, 0, 0
81, 0, 0, 0
82, 0, 0, 0
83, 0, 0, 0
84, 0, 0, 0
85, 0, 0, 0
86, 0, 0, 0
87, 0, 0, 0
88, 0, 0, 0
89, 0, 0, 0
90, 0, 0, 0
91, 0, 0, 0
92, 0, 0, 0
93, 0, 0, 0
94, 0, 0, 0
95, 0, 0, 0
96, 0, 0, 0
97, 0, 0, 0
98, 0, 0, 0
99, 0, 0, 0
100, 0, 0, 0
101, 0, 0, 0
102, 0, 0, 0
103, 0, 0, 0
104, 0, 0, 0
105, 0, 0, 0
106, 0, 0, 0
107, 0, 0, 0
108, 0, 0, 0
109, 0, 0, 0
110, 0, 0, 0
111, 0, 0, 0
112, 0, 0, 0
113, 0, 0, 0
114, 0, 0, 0
115, 0, 0, 0
116, 0, 0, 0
117, 0, 0, 0
118, 0, 0, 0
119, 0, 0, 0
120, 0, 0, 0
121, 0, 0, 0
122, 0, 0, 0
123, 0, 0, 0
124, 0, 0, 0
125, 0, 0, 0
126, 0, 0, 0
127, 0, 0, 0
128, 0, 0, 0
129, 0, 0, 0
130, 0, 0, 0
131, 0, 0, 0
132, 0, 0, 0
133, 0, 0, 0
134, 0, 0, 0
135, 0, 0, 0
136, 0, 0, 0
137, 0, 0, 0
138, 0, 0, 0
139, 0, 0, 0
140, 0, 0, 0
141, 0, 0, 0
142, 0, 0, 0
143, 0, 0, 0
144, 0, 0, 0
145, 0, 0, 0
146, 0, 0, 0
147, 0, 0, 0
148, 0, 0, 0
149, 0, 0, 0
150, 0, 0, 0
151, 0, 0, 0
152, 0, 0, 0
153, 0, 0, 0
154, 0, 0, 0
155, 0, 0, 0
156, 0, 0, 0
157, 0, 0, 0
158, 0, 0, 0
159, 0, 0, 0
160, 0, 0, 0
161, 0, 0, 0
162, 0, 0, 0
163, 0, 0, 0
164, 0, 0, 0
165, 0, 0, 0
166, 0, 0, 0
167, 0, 0, 0
168, 0, 0, 0
169, 0, 0, 0
170, 0, 0, 0
171, 0, 0, 0
172, 0, 0, 0
173, 0, 0, 0
174, 0, 0, 0
175, 0, 0, 0
176, 0, 0, 0
177, 0, 0, 0
178, 0, 0, 0
179, 0, 0, 0
180, 0, 0, 0
181, 0, 0, -0.000861867
182, 0, 0, -0.00172373
183, 0, 0, -0.00172373
184, 0, 0, -0.00172373
185, 0, 0, -0.00172373
186, 0, 0, -0.000861861
187, 0, 0, -0.00172373
188, 0, 0, -0.00344747
189, 0, 0, -0.00344747
190, 0, 0, -0.00344747
191, 0, 0, -0.00344747
192, 0, 0, -0.00172372
193, 0, 0, -0.00172373
194, 0, 0, -0.00344747
195, 0, 0, -0.00344747
196, 0, 0, -0.00344747
197, 0, 0, -0.00344747
198, 0, 0, -0.00172372
199, 0, 0, -0.00172373
200, 0, 0, -0.00344747
201, 0, 0, -0.00344747
202, 0, 0, -0.00344747
203, 0, 0, -0.00344747
204, 0, 0, -0.00172372
205, 0, 0, -0.00172373
206, 0, 0, -0.00344747
207, 0, 0, -0.00344747
208, 0, 0, -0.00344747
209, 0, 0, -0.00344747
210, 0, 0, -0.00172372
211, 0, 0, -0.000861861
212, 0, 0, -0.00172372
213, 0, 0, -0.00172372
214, 0, 0, -0.00172372
215, 0, 0, -0.00172372
216, 0, 0, -0.000861859
*Step  = 13
*Time  = 0.65
*Data  = Rx;Ry;Rz
1, 0, 0, 0
2, 0, 0, 0
3, 0, 0, 0
4, 0, 0, 0
5, 0, 0, 0
6, 0, 0, 0
7, 0, 0, 0
8, 0, 0, 0
9, 0, 0, 0
10, 0, 0, 0
11, 0, 0, 0
12, 0, 0, 0
13, 0, 0, 0
14, 0, 0, 0
15, 0, 0, 0
16, 0, 0, 0
17, 0, 0, 0
18, 0, 0, 0
19, 0, 0, 0
20, 0, 0, 0
21, 0, 0, 0
22, 0, 0, 0
23, 0, 0, 0
24, 0, 0, 0
25, 0, 0, 0
26, 0, 0, 0
27, 0, 0, 0
28, 0, 0, 0
29, 0, 0, 0
30, 0, 0, 0
31, 0, 0, 0
32, 0, 0, 0
33, 0, 0, 0
34, 0, 0, 0
35, 0, 0, 0
36, 0, 0, 0
37, 0, 0, 0
38, 0, 0, 0
39, 0, 0, 0
40, 0, 0, 0
41, 0, 0, 0
42, 0, 0, 0
43, 0, 0, 0
44, 0, 0, 0
45, 0, 0, 0
46, 0, 0, 0
47, 0, 0, 0
48, 0, 0, 0
49, 0, 0, 0
50, 0, 0, 0
51, 0, 0, 0
52, 0, 0, 0
53, 0, 0, 0
54, 0, 0, 0
55, 0, 0, 0
56, 0, 0, 0
57, 0, 0, 0
58, 0, 0, 0
59, 0, 0, 0
60, 0, 0, 0
61, 0, 0, 0
62, 0, 0, 0
63, 0, 0, 0
64, 0, 0, 0
65, 0, 0, 0
66, 0, 0, 0
67, 0, 0, 0
68, 0, 0, 0
69, 0, 0, 0
70, 0, 0, 0
71, 0, 0, 0
72, 0, 0, 0
73, 0, 0, 0
74, 0, 0, 0
75, 0, 0, 0
76, 0, 0, 0
77, 0, 0, 0
78, 0, 0, 0
79, 0, 0, 0
80, 0, 0, 0
81, 0, 0, 0
82, 0, 0, 0
83, 0, 0, 0
84, 0, 0, 0
85, 0, 0, 0
86, 0, 0, 0
87, 0, 0, 0
88, 0, 0, 0
89, 0, 0, 0
90, 0, 0, 0
91, 0, 0, 0
92, 0, 0, 0
93, 0, 0, 0
94, 0, 0, 0
95, 0, 0, 0
96, 0, 0, 0
97, 0, 0, 0
98, 0, 0, 0
99, 0, 0, 0
100, 0, 0, 0
101, 0, 0, 0
102, 0, 0, 0
103, 0, 0, 0
104, 0, 0, 0
105, 0, 0, 0
106, 0, 0, 0
107, 0, 0, 0
108, 0, 0, 0
109, 0, 0, 0
110, 0, 0, 0
111, 0, 0, 0
112, 0, 0, 0
113, 0, 0, 0
114, 0, 0, 0
115, 0, 0, 0
116, 0, 0, 0
117, 0, 0, 0
118, 0, 0, 0
119, 0, 0, 0
120, 0, 0, 0
121, 0, 0, 0
122, 0, 0, 0
123, 0, 0, 0
124, 0, 0, 0
125, 0, 0, 0
126, 0, 0, 0
127, 0, 0, 0
128, 0, 0, 0
129, 0, 0, 0
130, 0, 0, 0
131, 0, 0, 0
132, 0, 0, 0
133, 0, 0, 0
134, 0, 0, 0
135, 0, 0, 0
136, 0, 0, 0
137, 0, 0, 0
138, 0, 0, 0
139, 0, 0, 0
140, 0, 0, 0
141, 0, 0, 0
142, 0, 0, 0
143, 0, 0, 0
144, 0, 0, 0
145, 0, 0, 0
146, 0, 0, 0
147, 0, 0, 0
148, 0, 0, 0
149, 0, 0, 0
150, 0, 0, 0
151, 0, 0, 0
152, 0, 0, 0
153, 0, 0, 0
154, 0, 0, 0
155, 0, 0, 0
156, 0, 0, 0
157, 0, 0, 0
158, 0, 0, 0
159, 0, 0, 0
160, 0, 0, 0
161, 0, 0, 0
162, 0, 0, 0
163, 0, 0, 0
164, 0, 0, 0
165, 0, 0, 0
166, 0, 0, 0
167, 0, 0, 0
168, 0, 0, 0
169, 0, 0, 0
170, 0, 0, 0
171, 0, 0, 0
172, 0, 0, 0
173, 0, 0, 0
174, 0, 0, 0
175, 0, 0, 0
176, 0, 0, 0
177, 0, 0, 0
178, 0, 0, 0
179, 0, 0, 0
180, 0, 0, 0
181, 0, 0, -0.000991626
182, 0, 0, -0.00198325
183, 0, 0, -0.00198325
184, 0, 0, -0.00198325
185, 0, 0, -0.00198325
186, 0, 0, -0.000991619
187, 0, 0, -0.00198325
188, 0, 0, -0.0039665
189, 0, 0, -0.0039665
190, 0, 0, -0.0039665
191, 0, 0, -0.0039665
192, 0, 0, -0.00198324
193, 0, 0, -0.00198325
194, 0, 0, -0.0039665
195, 0, 0, -0.0039665
196, 0, 0, -0.0039665
197, 0, 0, -0.0039665
198, 0, 0, -0.00198324
199, 0, 0, -0.00198325
200, 0, 0, -0.0039665
201, 0, 0, -0.0039665
202, 0, 0, -0.0039665
203, 0, 0, -0.0039665
204, 0, 0, -0.00198324
205, 0, 0, -0.00198325
206, 0, 0, -0.0039665
207, 0, 0, -0.0039665
208, 0, 0, -0.0039665
209, 0, 0, -0.0039665
210, 0, 0, -0.00198324
211, 0, 0, -0.000991619
212, 0, 0, -0.00198324
213, 0, 0, -0.00198324
214, 0, 0, -0.00198324
215, 0, 0, -0.00198324
216, 0, 0, -0.000991617
*Step  = 14
*Time  = 0.7
*Data  = Rx;Ry;Rz
1, 0, 0, 0
2, 0, 0, 0
3, 0, 0, 0
4, 0, 0, 0
5, 0, 0, 0
6, 0, 0, 0
7, 0, 0, 0
8, 0, 0, 0
9, 0, 0, 0
10, 0, 0, 0
11, 0, 0, 0
12, 0, 0, 0
13, 0, 0, 0
14, 0, 0, 0
15, 0, 0, 0
16, 0, 0, 0
17, 0, 0, 0
18, 0, 0, 0
19, 0, 0, 0
20, 0, 0, 0
21, 0, 0, 0
22, 0, 0, 0
23, 0, 0, 0
24, 0, 0, 0
25, 0, 0, 0
26, 0, 0, 0
27, 0, 0, 0
28, 0, 0, 0
29, 0, 0, 0
30, 0, 0, 0
31, 0, 0, 0
32, 0, 0, 0
33, 0, 0, 0
34, 0, 0, 0
35, 0, 0, 0
36, 0, 0, 0
37, 0, 0, 0
38, 0, 0, 0
39, 0, 0, 0
40, 0, 0, 0
41, 0, 0, 0
42, 0, 0, 0
43, 0, 0, 0
44, 0, 0, 0
45, 0, 0, 0
46, 0, 0, 0
47, 0, 0, 0
48, 0, 0, 0
49, 0, 0, 0
50, 0, 0, 0
51, 0, 0, 0
52, 0, 0, 0
53, 0, 0, 0
54, 0, 0, 0
55, 0, 0, 0
56, 0, 0, 0
57, 0, 0, 0
58, 0, 0, 0
59, 0, 0, 0
60, 0, 0, 0
61, 0, 0, 0
62, 0, 0, 0
63, 0, 0, 0
64, 0, 0, 0
65, 0, 0, 0
66, 0, 0, 0
67, 0, 0, 0
68, 0, 0, 0
69, 0, 0, 0
70, 0, 0, 0
71, 0, 0, 0
72, 0, 0, 0
73, 0, 0, 0
74, 0, 0, 0
75, 0, 0, 0
76, 0, 0, 0
77, 0, 0, 0
78, 0, 0, 0
79, 0, 0, 0
80, 0, 0, 0
81, 0, 0, 0
82, 0, 0, 0
83, 0, 0, 0
84, 0, 0, 0
85, 0, 0, 0
86, 0, 0, 0
87, 0, 0, 0
88, 0, 0, 0
89, 0, 0, 0
90, 0, 0, 0
91, 0, 0, 0
92, 0, 0, 0
93, 0, 0, 0
94, 0, 0, 0
95, 0, 0, 0
96, 0, 0, 0
97, 0, 0, 0
98, 0, 0, 0
99, 0, 0, 0
100, 0, 0, 0
101, 0, 0, 0
102, 0, 0, 0
103, 0, 0, 0
104, 0, 0, 0
105, 0, 0, 0
106, 0, 0, 0
107, 0, 0, 0
108, 0, 0, 0
109, 0, 0, 0
110, 0, 0, 0
111, 0, 0, 0
112, 0, 0, 0
113, 0, 0, 0
114, 0, 0, 0
115, 0, 0, 0
116, 0, 0, 0
117, 0, 0, 0
118, 0, 0, 0
119, 0, 0, 0
120, 0, 0, 0
121, 0, 0, 0
122, 0, 0, 0
123, 0, 0, 0
124, 0, 0, 0
125, 0, 0, 0
126, 0, 0, 0
127, 0, 0, 0
128, 0, 0, 0
129, 0, 0, 0
130, 0, 0, 0
131, 0, 0, 0
132, 0, 0, 0
133, 0, 0, 0
134, 0, 0, 0
135, 0, 0, 0
136, 0, 0, 0
137, 0, 0, 0
138, 0, 0, 0
139, 0, 0, 0
140, 0, 0, 0
141, 0, 0, 0
142, 0, 0, 0
143, 0, 0, 0
144, 0, 0, 0
145, 0, 0, 0
146, 0, 0, 0
147, 0, 0, 0
148, 0, 0, 0
149, 0, 0, 0
150, 0, 0, 0
151, 0, 0, 0
152, 0, 0, 0
153, 0, 0, 0
154, 0, 0, 0
155, 0, 0, 0
156, 0, 0, 0
157, 0, 0, 0
158, 0, 0, 0
159, 0, 0, 0
160, 0, 0, 0
161, 0, 0, 0
162, 0, 0, 0
163, 0, 0, 0
164, 0, 0, 0
165, 0, 0, 0
166, 0, 0, 0
167, 0, 0, 0
168, 0, 0, 0
169, 0, 0, 0
170, 0, 0, 0
171, 0, 0, 0
172, 0, 0, 0
173, 0, 0, 0
174, 0, 0, 0
175, 0, 0, 0
176, 0, 0, 0
177, 0, 0, 0
178, 0, 0, 0
179, 0, 0, 0
180, 0, 0, 0
181, 0, 0, -0.00113847
182, 0, 0, -0.00227695
183, 0, 0, -0.00227695
184, 0, 0, -0.00227695
185, 0, 0, -0.00227695
186, 0, 0, -0.00113847
187, 0, 0, -0.00227695
188, 0, 0, -0.0045539
189, 0, 0, -0.0045539
190, 0, 0, -0.0045539
191, 0, 0, -0.00455389
192, 0, 0, -0.00227693
193, 0, 0, -0.00227695
194, 0, 0, -0.0045539
195, 0, 0, -0.0045539
196, 0, 0, -0.0045539
197, 0, 0, -0.0045539
198, 0, 0, -0.00227693
199, 0, 0, -0.00227695
200, 0, 0, -0.0045539
201, 0, 0, -0.0045539
202, 0, 0, -0.0045539
203, 0, 0, -0.0045539
204, 0, 0, -0.00227693
205, 0, 0, -0.00227695
206, 0, 0, -0.00455389
207, 0, 0, -0.0045539
208, 0, 0, -0.0045539
209, 0, 0, -0.00455389
210, 0, 0, -0.00227694
211, 0, 0, -0.00113847
212, 0, 0, -0.00227693
213, 0, 0, -0.00227693
214, 0, 0, -0.00227693
215, 0, 0, -0.00227694
216, 0, 0, -0.00113846
*Step  = 15
*Time  = 0.75
*Data  = Rx;Ry;Rz
1, 0, 0, 0
2, 0, 0, 0
3, 0, 0, 0
4, 0, 0, 0
5, 0, 0, 0
6, 0, 0, 0
7, 0, 0, 0
8, 0, 0, 0
9, 0, 0, 0
10, 0, 0, 0
11, 0, 0, 0
12, 0, 0, 0
13, 0, 0, 0
14, 0, 0, 0
15, 0, 0, 0
16, 0, 0, 0
17, 0, 0, 0
18, 0, 0, 0
19, 0, 0, 0
20, 0, 0, 0
21, 0, 0, 0
22, 0, 0, 0
23, 0, 0, 0
24, 0, 0, 0
25, 0, 0, 0
26, 0, 0, 0
27, 0, 0, 0
28, 0, 0, 0
29, 0, 0, 0
30, 0, 0, 0
31, 0, 0, 0
32, 0, 0, 0
33, 0, 0, 0
34, 0, 0, 0
35, 0, 0, 0
36, 0, 0, 0
37, 0, 0, 0
38, 0, 0, 0
39, 0, 0, 0
40, 0, 0, 0
41, 0, 0, 0
42, 0, 0, 0
43, 0, 0, 0
44, 0, 0, 0
45, 0, 0, 0
46, 0, 0, 0
47, 0, 0, 0
48, 0, 0, 0
49, 0, 0, 0
50, 0, 0, 0
51, 0, 0, 0
52, 0, 0, 0
53, 0, 0, 0
54, 0, 0, 0
55, 0, 0, 0
56, 0, 0, 0
57, 0, 0, 0
58, 0, 0, 0
59, 0, 0, 0
60, 0, 0, 0
61, 0, 0, 0
62, 0, 0, 0
63, 0, 0, 0
64, 0, 0, 0
65, 0, 0, 0
66, 0, 0, 0
67, 0, 0, 0
68, 0, 0, 0
69, 0, 0, 0
70, 0, 0, 0
71, 0, 0, 0
72, 0, 0, 0
73, 0, 0, 0
74, 0, 0, 0
75, 0, 0, 0
76, 0, 0, 0
77, 0, 0, 0
78, 0, 0, 0
79, 0, 0, 0
80, 0, 0, 0
81, 0, 0, 0
82, 0, 0, 0
83, 0, 0, 0
84, 0, 0, 0
85, 0, 0, 0
86, 0, 0, 0
87, 0, 0, 0
88, 0, 0, 0
89, 0, 0, 0
90, 0, 0, 0
91, 0, 0, 0
92, 0, 0, 0
93, 0, 0, 0
94, 0, 0, 0
95, 0, 0, 0
96, 0, 0, 0
97, 0, 0, 0
98, 0, 0, 0
99, 0, 0, 0
100, 0, 0, 0
101, 0, 0, 0
102, 0, 0, 0
103, 0, 0, 0
104, 0, 0, 0
105, 0, 0, 0
106, 0, 0, 0
107, 0, 0, 0
108, 0, 0, 0
109, 0, 0, 0
110, 0, 0, 0
111, 0, 0, 0
112, 0, 0, 0
113, 0, 0, 0
114, 0, 0, 0
115, 0, 0, 0
116, 0, 0, 0
117, 0, 0, 0
118, 0, 0, 0
119, 0, 0, 0
120, 0, 0, 0
121, 0, 0, 0
122, 0, 0, 0
123, 0, 0, 0
124, 0, 0, 0
125, 0, 0, 0
126, 0, 0, 0
127, 0, 0, 0
128, 0, 0, 0
129, 0, 0, 0
130, 0, 0, 0
131, 0, 0, 0
132, 0, 0, 0
133, 0, 0, 0
134, 0, 0, 0
135, 0, 0, 0
136, 0, 0, 0
137, 0, 0, 0
138, 0, 0, 0
139, 0, 0, 0
140, 0, 0, 0
141, 0, 0, 0
142, 0, 0, 0
143, 0, 0, 0
144, 0, 0, 0
145, 0, 0, 0
146, 0, 0, 0
147, 0, 0, 0
148, 0, 0, 0
149, 0, 0, 0
150, 0, 0, 0
151, 0, 0, 0
152, 0, 0, 0
153, 0, 0, 0
154, 0, 0, 0
155, 0, 0, 0
156, 0, 0, 0
157, 0, 0, 0
158, 0, 0, 0
159, 0, 0, 0
160, 0, 0, 0
161, 0, 0, 0
162, 0, 0, 0
163, 0, 0, 0
164, 0, 0, 0
165, 0, 0, 0
166, 0, 0, 0
167, 0, 0, 0
168, 0, 0, 0
169, 0, 0, 0
170, 0, 0, 0
171, 0, 0, 0
172, 0, 0, 0
173, 0, 0, 0
174, 0, 0, 0
175, 0, 0, 0
176, 0, 0, 0
177, 0, 0, 0
178, 0, 0, 0
179, 0, 0, 0
180, 0, 0, 0
181, 0, 0, -0.00130549
182, 0, 0, -0.00261099
183, 0, 0, -0.00261099
184, 0, 0, -0.00261099
185, 0, 0, -0.00261099
186, 0, 0, -0.00130548
187, 0, 0, -0.00261099
188, 0, 0, -0.00522197
189, 0, 0, -0.00522197
190, 0, 0, -0.00522197
191, 0, 0, -0.00522197
192, 0, 0, -0.00261097
193, 0, 0, -0.00261099
194, 0, 0, -0.00522197
195, 0, 0, -0.00522197
196, 0, 0, -0.00522197
197, 0, 0, -0.00522197
198, 0, 0, -0.00261097
199, 0, 0, -0.00261099
200, 0, 0, -0.00522197
201, 0, 0, -0.00522197
202, 0, 0, -0.00522197
203, 0, 0, -0.00522197
204, 0, 0, -0.00261097
205, 0, 0, -0.00261099
206, 0, 0, -0.00522197
207, 0, 0, -0.00522197
208, 0, 0, -0.00522197
209, 0, 0, -0.00522197
210, 0, 0, -0.00261097
211, 0, 0, -0.00130548
212, 0, 0, -0.00261097
213, 0, 0, -0.00261097
214, 0, 0, -0.00261097
215, 0, 0, -0.00261097
216, 0, 0, -0.00130548
*Step  = 16
*Time  = 0.8
*Data  = Rx;Ry;Rz
1, 0, 0, 0
2, 0, 0, 0
3, 0, 0, 0
4, 0, 0, 0
5, 0, 0, 0
6, 0, 0, 0
7, 0, 0, 0
8, 0, 0, 0
9, 0, 0, 0
10, 0, 0, 0
11, 0, 0, 0
12, 0, 0, 0
13, 0, 0, 0
14, 0, 0, 0
15, 0, 0, 0
16, 0, 0, 0
17, 0, 0, 0
18, 0, 0, 0
19, 0, 0, 0
20, 0, 0, 0
21, 0, 0, 0
22, 0, 0, 0
23, 0, 0, 0
24, 0, 0, 0
25, 0, 0, 0
26, 0, 0, 0
27, 0, 0, 0
28, 0, 0, 0
29, 0, 0, 0
30, 0, 0, 0
31, 0, 0, 0
32, 0, 0, 0
33, 0, 0, 0
34, 0, 0, 0
35, 0, 0, 0
36, 0, 0, 0
37, 0, 0, 0
38, 0, 0, 0
39, 0, 0, 0
40, 0, 0, 0
41, 0, 0, 0
42, 0, 0, 0
43, 0, 0, 0
44, 0, 0, 0
45, 0, 0, 0
46, 0, 0, 0
47, 0, 0, 0
48, 0, 0, 0
49, 0, 0, 0
50, 0, 0, 0
51, 0, 0, 0
52, 0, 0, 0
53, 0, 0, 0
54, 0, 0, 0
55, 0, 0, 0
56, 0, 0, 0
57, 0, 0, 0
58, 0, 0, 0
59, 0, 0, 0
60, 0, 0, 0
61, 0, 0, 0
62, 0, 0, 0
63, 0, 0, 0
64, 0, 0, 0
65, 0, 0, 0
66, 0, 0, 0
67, 0, 0, 0
68, 0, 0, 0
69, 0, 0, 0
70, 0, 0, 0
71, 0, 0, 0
72, 0, 0, 0
73, 0, 0, 0
74, 0, 0, 0
75, 0, 0, 0
76, 0, 0, 0
77, 0, 0, 0
78, 0, 0, 0
79, 0, 0, 0
80, 0, 0, 0
81, 0, 0, 0
82, 0, 0, 0
83, 0, 0, 0
84, 0, 0, 0
85, 0, 0, 0
86, 0, 0, 0
87, 0, 0, 0
88, 0, 0, 0
89, 0, 0, 0
90, 0, 0, 0
91, 0, 0, 0
92, 0, 0, 0
93, 0, 0, 0
94, 0, 0, 0
95, 0, 0, 0
96, 0, 0, 0
97, 0, 0, 0
98, 0, 0, 0
99, 0, 0, 0
100, 0, 0, 0
101, 0, 0, 0
102, 0, 0, 0
103, 0, 0, 0
104, 0, 0, 0
105, 0, 0, 0
106, 0, 0, 0
107, 0, 0, 0
108, 0, 0, 0
109, 0, 0, 0
110, 0, 0, 0
111, 0, 0, 0
112, 0, 0, 0
113, 0, 0, 0
114, 0, 0, 0
115, 0, 0, 0
116, 0, 0, 0
117, 0, 0, 0
118, 0, 0, 0
119, 0, 0, 0
120, 0, 0, 0
121, 0, 0, 0
122, 0, 0, 0
123, 0, 0, 0
124, 0, 0, 0
125, 0, 0, 0
126, 0, 0, 0
127, 0, 0, 0
128, 0, 0, 0
129, 0, 0, 0
130, 0, 0, 0
131, 0, 0, 0
132, 0, 0, 0
133, 0, 0, 0
134, 0, 0, 0
135, 0, 0, 0
136, 0, 0, 0
137, 0, 0, 0
138, 0, 0, 0
139, 0, 0, 0
140, 0, 0, 0
141, 0, 0, 0
142, 0, 0, 0
143, 0, 0, 0
144, 0, 0, 0
145, 0, 0, 0
146, 0, 0, 0
147, 0, 0, 0
148, 0, 0, 0
149, 0, 0, 0
150, 0, 0, 0
151, 0, 0, 0
152, 0, 0, 0
153, 0, 0, 0
154, 0, 0, 0
155, 0, 0, 0
156, 0, 0, 0
157, 0, 0, 0
158, 0, 0, 0
159, 0, 0, 0
160, 0, 0, 0
161, 0, 0, 0
162, 0, 0, 0
163, 0, 0, 0
164, 0, 0, 0
165, 0, 0, 0
166, 0, 0, 0
167, 0, 0, 0
168, 0, 0, 0
169, 0, 0, 0
170, 0, 0, 0
171, 0, 0, 0
172, 0, 0, 0
173, 0, 0, 0
174, 0, 0, 0
175, 0, 0, 0
176, 0, 0, 0
177, 0, 0, 0
178, 0, 0, 0
179, 0, 0, 0
180, 0, 0, 0
181, 0, 0, -0.00149638
182, 0, 0, -0.00299277
183, 0, 0, -0.00299277
184, 0, 0, -0.00299277
185, 0, 0, -0.00299277
186, 0, 0, -0.00149637
187, 0, 0, -0.00299277
188, 0, 0, -0.00598553
189, 0, 0, -0.00598553
190, 0, 0, -0.00598553
191, 0, 0, -0.00598553
192, 0, 0, -0.00299275
193, 0, 0, -0.00299277
194, 0, 0, -0.00598553
195, 0, 0, -0.00598554
196, 0, 0, -0.00598554
197, 0, 0, -0.00598553
198, 0, 0, -0.00299275
199, 0, 0, -0.00299277
200, 0, 0, -0.00598553
201, 0, 0, -0.00598554
202, 0, 0, -0.00598554
203, 0, 0, -0.00598553
204, 0, 0, -0.00299275
205, 0, 0, -0.00299277
206, 0, 0, -0.00598553
207, 0, 0, -0.00598553
208, 0, 0, -0.00598553
209, 0, 0, -0.00598553
210, 0, 0, -0.00299275
211, 0, 0, -0.00149637
212, 0, 0, -0.00299275
213, 0, 0, -0.00299275
214, 0, 0, -0.00299275
215, 0, 0, -0.00299275
216, 0, 0, -0.00149637
*Step  = 17
*Time  = 0.85
*Data  = Rx;Ry;Rz
1, 0, 0, 0
2, 0, 0, 0
3, 0, 0, 0
4, 0, 0, 0
5, 0, 0, 0
6, 0, 0, 0
7, 0, 0, 0
8, 0, 0, 0
9, 0, 0, 0
10, 0, 0, 0
11, 0, 0, 0
12, 0, 0, 0
13, 0, 0, 0
14, 0, 0, 0
15, 0, 0, 0
16, 0, 0, 0
17, 0, 0, 0
18, 0, 0, 0
19, 0, 0, 0
20, 0, 0, 0
21, 0, 0, 0
22, 0, 0, 0
23, 0, 0, 0
24, 0, 0, 0
25, 0, 0, 0
26, 0, 0, 0
27, 0, 0, 0
28, 0, 0, 0
29, 0, 0, 0
30, 0, 0, 0
31, 0, 0, 0
32, 0, 0, 0
33, 0, 0, 0
34, 0, 0, 0
35, 0, 0, 0
36, 0, 0, 0
37, 0, 0, 0
38, 0, 0, 0
39, 0, 0, 0
40, 0, 0, 0
41, 0, 0, 0
42, 0, 0, 0
43, 0, 0, 0
44, 0, 0, 0
45, 0, 0, 0
46, 0, 0, 0
47, 0, 0, 0
48, 0, 0, 0
49, 0, 0, 0
50, 0, 0, 0
51, 0, 0, 0
52, 0, 0, 0
53, 0, 0, 0
54, 0, 0, 0
55, 0, 0, 0
56, 0, 0, 0
57, 0, 0, 0
58, 0, 0, 0
59, 0, 0, 0
60, 0, 0, 0
61, 0, 0, 0
62, 0, 0, 0
63, 0, 0, 0
64, 0, 0, 0
65, 0, 0, 0
66, 0, 0, 0
67, 0, 0, 0
68, 0, 0, 0
69, 0, 0, 0
70, 0, 0, 0
71, 0, 0, 0
72, 0, 0, 0
73, 0, 0, 0
74, 0, 0, 0
75, 0, 0, 0
76, 0, 0, 0
77, 0, 0, 0
78, 0, 0, 0
79, 0, 0, 0
80, 0, 0, 0
81, 0, 0, 0
82, 0, 0, 0
83, 0, 0, 0
84, 0, 0, 0
85, 0, 0, 0
86, 0, 0, 0
87, 0, 0, 0
88, 0, 0, 0
89, 0, 0, 0
90, 0, 0, 0
91, 0, 0, 0
92, 0, 0, 0
93, 0, 0, 0
94, 0, 0, 0
95, 0, 0, 0
96, 0, 0, 0
97, 0, 0, 0
98, 0, 0, 0
99, 0, 0, 0
100, 0, 0, 0
101, 0, 0, 0
102, 0, 0, 0
103, 0, 0, 0
104, 0, 0, 0
105, 0, 0, 0
106, 0, 0, 0
107, 0, 0, 0
108, 0, 0, 0
109, 0, 0, 0
110, 0, 0, 0
111, 0, 0, 0
112, 0, 0, 0
113, 0, 0, 0
114, 0, 0, 0
115, 0, 0, 0
116, 0, 0, 0
117, 0, 0, 0
118, 0, 0, 0
119, 0, 0, 0
120, 0, 0, 0
121, 0, 0, 0
122, 0, 0, 0
123, 0, 0, 0
124, 0, 0, 0
125, 0, 0, 0
126, 0, 0, 0
127, 0, 0, 0
128, 0, 0, 0
129, 0, 0, 0
130, 0, 0, 0
131, 0, 0, 0
132, 0, 0, 0
133, 0, 0, 0
134, 0, 0, 0
135, 0, 0, 0
136, 0, 0, 0
137, 0, 0, 0
138, 0, 0, 0
139, 0, 0, 0
140, 0, 0, 0
141, 0, 0, 0
142, 0, 0, 0
143, 0, 0, 0
144, 0, 0, 0
145, 0, 0, 0
146, 0, 0, 0
147, 0, 0, 0
148, 0, 0, 0
149, 0, 0, 0
150, 0, 0, 0
151, 0, 0, 0
152, 0, 0, 0
153, 0, 0, 0
154, 0, 0, 0
155, 0, 0, 0
156, 0, 0, 0
157, 0, 0, 0
158, 0, 0, 0
159, 0, 0, 0
160, 0, 0, 0
161, 0, 0, 0
162, 0, 0, 0
163, 0, 0, 0
164, 0, 0, 0
165, 0, 0, 0
166, 0, 0, 0
167, 0, 0, 0
168, 0, 0, 0
169, 0, 0, 0
170, 0, 0, 0
171, 0, 0, 0
172, 0, 0, 0
173, 0, 0, 0
174, 0, 0, 0
175, 0, 0, 0
176, 0, 0, 0
177, 0, 0, 0
178, 0, 0, 0
179, 0, 0, 0
180, 0, 0, 0
181, 0, 0, -0.0017156
182, 0, 0, -0.00343121
183, 0, 0, -0.00343121
184, 0, 0, -0.00343121
185, 0, 0, -0.00343121
186, 0, 0, -0.00171559
187, 0, 0, -0.00343121
188, 0, 0, -0.00686242
189, 0, 0, -0.00686242
190, 0, 0, -0.00686242
191, 0, 0, -0.00686242
192, 0, 0, -0.00343119
193, 0, 0, -0.00343121
194, 0, 0, -0.00686242
195, 0, 0, -0.00686242
196, 0, 0, -0.00686242
197, 0, 0, -0.00686242
198, 0, 0, -0.00343119
199, 0, 0, -0.00343121
200, 0, 0, -0.00686242
201, 0, 0, -0.00686242
202, 0, 0, -0.00686242
203, 0, 0, -0.00686242
204, 0, 0, -0.00343119
205, 0, 0, -0.00343121
206, 0, 0, -0.00686242
207, 0, 0, -0.00686242
208, 0, 0, -0.00686242
209, 0, 0, -0.00686242
210, 0, 0, -0.00343119
211, 0, 0, -0.00171559
212, 0, 0, -0.00343119
213, 0, 0, -0.00343119
214, 0, 0, -0.00343119
215, 0, 0, -0.00343119
216, 0, 0, -0.00171559
*Step  = 18
*Time  = 0.9
*Data  = Rx;Ry;Rz
1, 0, 0, 0
2, 0, 0, 0
3, 0, 0, 0
4, 0, 0, 0
5, 0, 0, 0
6, 0, 0, 0
7, 0, 0, 0
8, 0, 0, 0
9, 0, 0, 0
10, 0, 0, 0
11, 0, 0, 0
12, 0, 0, 0
13, 0, 0, 0
14, 0, 0, 0
15, 0, 0, 0
16, 0, 0, 0
17, 0, 0, 0
18, 0, 0, 0
19, 0, 0, 0
20, 0, 0, 0
21, 0, 0, 0
22, 0, 0, 0
23, 0, 0, 0
24, 0, 0, 0
25, 0, 0, 0
26, 0, 0, 0
27, 0, 0, 0
28, 0, 0, 0
29, 0, 0, 0
30, 0, 0, 0
31, 0, 0, 0
32, 0, 0, 0
33, 0, 0, 0
34, 0, 0, 0
35, 0, 0, 0
36, 0, 0, 0
37, 0, 0, 0
38, 0, 0, 0
39, 0, 0, 0
40, 0, 0, 0
41, 0, 0, 0
42, 0, 0, 0
43, 0, 0, 0
44, 0, 0, 0
45, 0, 0, 0
46, 0, 0, 0
47, 0, 0, 0
48, 0, 0, 0
49, 0, 0, 0
50, 0, 0, 0
51, 0, 0, 0
52, 0, 0, 0
53, 0, 0, 0
54, 0, 0, 0
55, 0, 0, 0
56, 0, 0, 0
57, 0, 0, 0
58, 0, 0, 0
59, 0, 0, 0
60, 0, 0, 0
61, 0, 0, 0
62, 0, 0, 0
63, 0, 0, 0
64, 0, 0, 0
65, 0, 0, 0
66, 0, 0, 0
67, 0, 0, 0
68, 0, 0, 0
69, 0, 0, 0
70, 0, 0, 0
71, 0, 0, 0
72, 0, 0, 0
73, 0, 0, 0
74, 0, 0, 0
75, 0, 0, 0
76, 0, 0, 0
77, 0, 0, 0
78, 0, 0, 0
79, 0, 0, 0
80, 0, 0, 0
81, 0, 0, 0
82, 0, 0, 0
83, 0, 0, 0
84, 0, 0, 0
85, 0, 0, 0
86, 0, 0, 0
87, 0, 0, 0
88, 0, 0, 0
89, 0, 0, 0
90, 0, 0, 0
91, 0, 0, 0
92, 0, 0, 0
93, 0, 0, 0
94, 0, 0, 0
95, 0, 0, 0
96, 0, 0, 0
97, 0, 0, 0
98, 0, 0, 0
99, 0, 0, 0
100, 0, 0, 0
101, 0, 0, 0
102, 0, 0, 0
103, 0, 0, 0
104, 0, 0, 0
105, 0, 0, 0
106, 0, 0, 0
107, 0, 0, 0
108, 0, 0, 0
109, 0, 0, 0
110, 0, 0, 0
111, 0, 0, 0
112, 0, 0, 0
113, 0, 0, 0
114, 0, 0, 0
115, 0, 0, 0
116, 0, 0, 0
117, 0, 0, 0
118, 0, 0, 0
119, 0, 0, 0
120, 0, 0, 0
121, 0, 0, 0
122, 0, 0, 0
123, 0, 0, 0
124, 0, 0, 0
125, 0, 0, 0
126, 0, 0, 0
127, 0, 0, 0
128, 0, 0, 0
129, 0, 0, 0
130, 0, 0, 0
131, 0, 0, 0
132, 0, 0, 0
133, 0, 0, 0
134, 0, 0, 0
135, 0, 0, 0
136, 0, 0, 0
137, 0, 0, 0
138, 0, 0, 0
139, 0, 0, 0
140, 0, 0, 0
141, 0, 0, 0
142, 0, 0, 0
143, 0, 0, 0
144, 0, 0, 0
145, 0, 0, 0
146, 0, 0, 0
147, 0, 0, 0
148, 0, 0, 0
149, 0, 0, 0
150, 0, 0, 0
151, 0, 0, 0
152, 0, 0, 0
153, 0, 0, 0
154, 0, 0, 0
155, 0, 0, 0
156, 0, 0, 0
157, 0, 0, 0
158, 0, 0, 0
159, 0, 0, 0
160, 0, 0, 0
161, 0, 0, 0
162, 0, 0, 0
163, 0, 0, 0
164, 0, 0, 0
165, 0, 0, 0
166, 0, 0, 0
167, 0, 0, 0
168, 0, 0, 0
169, 0, 0, 0
170, 0, 0, 0
171, 0, 0, 0
172, 0, 0, 0
173, 0, 0, 0
174, 0, 0, 0
175, 0, 0, 0
176, 0, 0, 0
177, 0, 0, 0
178, 0, 0, 0
179, 0, 0, 0
180, 0, 0, 0
181, 0, 0, -0.00196856
182, 0, 0, -0.00393711
183, 0, 0, -0.00393711
184, 0, 0, -0.00393711
185, 0, 0, -0.00393711
186, 0, 0, -0.00196854
187, 0, 0, -0.00393711
188, 0, 0, -0.00787422
189, 0, 0, -0.00787422
190, 0, 0, -0.00787422
191, 0, 0, -0.00787422
192, 0, 0, -0.00393709
193, 0, 0, -0.00393711
194, 0, 0, -0.00787422
195, 0, 0, -0.00787422
196, 0, 0, -0.00787423
197, 0, 0, -0.00787422
198, 0, 0, -0.00393709
199, 0, 0, -0.00393711
200, 0, 0, -0.00787422
201, 0, 0, -0.00787423
202, 0, 0, -0.00787423
203, 0, 0, -0.00787422
204, 0, 0, -0.00393709
205, 0, 0, -0.00393711
206, 0, 0, -0.00787422
207, 0, 0, -0.00787422
208, 0, 0, -0.00787422
209, 0, 0, -0.00787422
210, 0, 0, -0.00393709
211, 0, 0, -0.00196854
212, 0, 0, -0.00393709
213, 0, 0, -0.00393709
214, 0, 0, -0.00393709
215, 0, 0, -0.00393709
216, 0, 0, -0.00196854
*Step  = 19
*Time  = 0.95
*Data  = Rx;Ry;Rz
1, 0, 0, 0
2, 0, 0, 0
3, 0, 0, 0
4, 0, 0, 0
5, 0, 0, 0
6, 0, 0, 0
7, 0, 0, 0
8, 0, 0, 0
9, 0, 0, 0
10, 0, 0, 0
11, 0, 0, 0
12, 0, 0, 0
13, 0, 0, 0
14, 0, 0, 0
15, 0, 0, 0
16, 0, 0, 0
17, 0, 0, 0
18, 0, 0, 0
19, 0, 0, 0
20, 0, 0, 0
21, 0, 0, 0
22, 0, 0, 0
23, 0, 0, 0
24, 0, 0, 0
25, 0, 0, 0
26, 0, 0, 0
27, 0, 0, 0
28, 0, 0, 0
29, 0, 0, 0
30, 0, 0, 0
31, 0, 0, 0
32, 0, 0, 0
33, 0, 0, 0
34, 0, 0, 0
35, 0, 0, 0
36, 0, 0, 0
37, 0, 0, 0
38, 0, 0, 0
39, 0, 0, 0
40, 0, 0, 0
41, 0, 0, 0
42, 0, 0, 0
43, 0, 0, 0
44, 0, 0, 0
45, 0, 0, 0
46, 0, 0, 0
47, 0, 0, 0
48, 0, 0, 0
49, 0, 0, 0
50, 0, 0, 0
51, 0, 0, 0
52, 0, 0, 0
53, 0, 0, 0
54, 0, 0, 0
55, 0, 0, 0
56, 0, 0, 0
57, 0, 0, 0
58, 0, 0, 0
59, 0, 0, 0
60, 0, 0, 0
61, 0, 0, 0
62, 0, 0, 0
63, 0, 0, 0
64, 0, 0, 0
65, 0, 0, 0
66, 0, 0, 0
67, 0, 0, 0
68, 0, 0, 0
69, 0, 0, 0
70, 0, 0, 0
71, 0, 0, 0
72, 0, 0, 0
73, 0, 0, 0
74, 0, 0, 0
75, 0, 0, 0
76, 0, 0, 0
77, 0, 0, 0
78, 0, 0, 0
79, 0, 0, 0
80, 0, 0, 0
81, 0, 0, 0
82, 0, 0, 0
83, 0, 0, 0
84, 0, 0, 0
85, 0, 0, 0
86, 0, 0, 0
87, 0, 0, 0
88, 0, 0, 0
89, 0, 0, 0
90, 0, 0, 0
91, 0, 0, 0
92, 0, 0, 0
93, 0, 0, 0
94, 0, 0, 0
95, 0, 0, 0
96, 0, 0, 0
97, 0, 0, 0
98, 0, 0, 0
99, 0, 0, 0
100, 0, 0, 0
101, 0, 0, 0
102, 0, 0, 0
103, 0, 0, 0
104, 0, 0, 0
105, 0, 0, 0
106, 0, 0, 0
107, 0, 0, 0
108, 0, 0, 0
109, 0, 0, 0
110, 0, 0, 0
111, 0, 0, 0
112, 0, 0, 0
113, 0, 0, 0
114, 0, 0, 0
115, 0, 0, 0
116, 0, 0, 0
117, 0, 0, 0
118, 0, 0, 0
119, 0, 0, 0
120, 0, 0, 0
121, 0, 0, 0
122, 0, 0, 0
123, 0, 0, 0
124, 0, 0, 0
125, 0, 0, 0
126, 0, 0, 0
127, 0, 0, 0
128, 0, 0, 0
129, 0, 0, 0
130, 0, 0, 0
131, 0, 0, 0
132, 0, 0, 0
133, 0, 0, 0
134, 0, 0, 0
135, 0, 0, 0
136, 0, 0, 0
137, 0, 0, 0
138, 0, 0, 0
139, 0, 0, 0
140, 0, 0, 0
141, 0, 0, 0
142, 0, 0, 0
143, 0, 0, 0
144, 0, 0, 0
145, 0, 0, 0
146, 0, 0, 0
147, 0, 0, 0
148, 0, 0, 0
149, 0, 0, 0
150, 0, 0, 0
151, 0, 0, 0
152, 0, 0, 0
153, 0, 0, 0
154, 0, 0, 0
155, 0, 0, 0
156, 0, 0, 0
157, 0, 0, 0
158, 0, 0, 0
159, 0, 0, 0
160, 0, 0, 0
161, 0, 0, 0
162, 0, 0, 0
163, 0, 0, 0
164, 0, 0, 0
165, 0, 0, 0
166, 0, 0, 0
167, 0, 0, 0
168, 0, 0, 0
169, 0, 0, 0
170, 0, 0, 0
171, 0, 0, 0
172, 0, 0, 0
173, 0, 0, 0
174, 0, 0, 0
175, 0, 0, 0
176, 0, 0, 0
177, 0, 0, 0
178, 0, 0, 0
179, 0, 0, 0
180, 0, 0, 0
181, 0, 0, -0.0022618
182, 0, 0, -0.0045236
183, 0, 0, -0.0045236
184, 0, 0, -0.0045236
185, 0, 0, -0.0045236
186, 0, 0, -0.00226179
187, 0, 0, -0.0045236
188, 0, 0, -0.0090472
189, 0, 0, -0.0090472
190, 0, 0, -0.0090472
191, 0, 0, -0.0090472
192, 0, 0, -0.00452357
193, 0, 0, -0.0045236
194, 0, 0, -0.0090472
195, 0, 0, -0.0090472
196, 0, 0, -0.0090472
197, 0, 0, -0.0090472
198, 0, 0, -0.00452357
199, 0, 0, -0.0045236
200, 0, 0, -0.0090472
201, 0, 0, -0.0090472
202, 0, 0, -0.00904721
203, 0, 0, -0.0090472
204, 0, 0, -0.00452358
205, 0, 0, -0.0045236
206, 0, 0, -0.0090472
207, 0, 0, -0.0090472
208, 0, 0, -0.0090472
209, 0, 0, -0.0090472
210, 0, 0, -0.00452358
211, 0, 0, -0.00226179
212, 0, 0, -0.00452357
213, 0, 0, -0.00452357
214, 0, 0, -0.00452358
215, 0, 0, -0.00452358
216, 0, 0, -0.00226178
*Step  = 20
*Time  = 1
*Data  = Rx;Ry;Rz
1, 0, 0, 0
2, 0, 0, 0
3, 0, 0, 0
4, 0, 0, 0
5, 0, 0, 0
6, 0, 0, 0
7, 0, 0, 0
8, 0, 0, 0
9, 0, 0, 0
10, 0, 0, 0
11, 0, 0, 0
12, 0, 0, 0
13, 0, 0, 0
14, 0, 0, 0
15, 0, 0, 0
16, 0, 0, 0
17, 0, 0, 0
18, 0, 0, 0
19, 0, 0, 0
20, 0, 0, 0
21, 0, 0, 0
22, 0, 0, 0
23, 0, 0, 0
24, 0, 0, 0
25, 0, 0, 0
26, 0, 0, 0
27, 0, 0, 0
28, 0, 0, 0
29, 0, 0, 0
30, 0, 0, 0
31, 0, 0, 0
32, 0, 0, 0
33, 0, 0, 0
34, 0, 0, 0
35, 0, 0, 0
36, 0, 0, 0
37, 0, 0, 0
38, 0, 0, 0
39, 0, 0, 0
40, 0, 0, 0
41, 0, 0, 0
42, 0, 0, 0
43, 0, 0, 0
44, 0, 0, 0
45, 0, 0, 0
46, 0, 0, 0
47, 0, 0, 0
48, 0, 0, 0
49, 0, 0, 0
50, 0, 0, 0
51, 0, 0, 0
52, 0, 0, 0
53, 0, 0, 0
54, 0, 0, 0
55, 0, 0, 0
56, 0, 0, 0
57, 0, 0, 0
58, 0, 0, 0
59, 0, 0, 0
60, 0, 0, 0
61, 0, 0, 0
62, 0, 0, 0
63, 0, 0, 0
64, 0, 0, 0
65, 0, 0, 0
66, 0, 0, 0
67, 0, 0, 0
68, 0, 0, 0
69, 0, 0, 0
70, 0, 0, 0
71, 0, 0, 0
72, 0, 0, 0
73, 0, 0, 0
74, 0, 0, 0
75, 0, 0, 0
76, 0, 0, 0
77, 0, 0, 0
78, 0, 0, 0
79, 0, 0, 0
80, 0, 0, 0
81, 0, 0, 0
82, 0, 0, 0
83, 0, 0, 0
84, 0, 0, 0
85, 0, 0, 0
86, 0, 0, 0
87, 0, 0, 0
88, 0, 0, 0
89, 0, 0, 0
90, 0, 0, 0
91, 0, 0, 0
92, 0, 0, 0
93, 0, 0, 0
94, 0, 0, 0
95, 0, 0, 0
96, 0, 0, 0
97, 0, 0, 0
98, 0, 0, 0
99, 0, 0, 0
100, 0, 0, 0
101, 0, 0, 0
102, 0, 0, 0
103, 0, 0, 0
104, 0, 0, 0
105, 0, 0, 0
106, 0, 0, 0
107, 0, 0, 0
108, 0, 0, 0
109, 0, 0, 0
110, 0, 0, 0
111, 0, 0, 0
112, 0, 0, 0
113, 0, 0, 0
114, 0, 0, 0
115, 0, 0, 0
116, 0, 0, 0
117, 0, 0, 0
118, 0, 0, 0
119, 0, 0, 0
120, 0, 0, 0
121, 0, 0, 0
122, 0, 0, 0
123, 0, 0, 0
124, 0, 0, 0
125, 0, 0, 0
126, 0, 0, 0
127, 0, 0, 0
128, 0, 0, 0
129, 0, 0, 0
130, 0, 0, 0
131, 0, 0, 0
132, 0, 0, 0
133, 0, 0, 0
134, 0, 0, 0
135, 0, 0, 0
136, 0, 0, 0
137, 0, 0, 0
138, 0, 0, 0
139, 0, 0, 0
140, 0, 0, 0
141, 0, 0, 0
142, 0, 0, 0
143, 0, 0, 0
144, 0, 0, 0
145, 0, 0, 0
146, 0, 0, 0
147, 0, 0, 0
148, 0, 0, 0
149, 0, 0, 0
150, 0, 0, 0
151, 0, 0, 0
152, 0, 0, 0
153, 0, 0, 0
154, 0, 0, 0
155, 0, 0, 0
156, 0, 0, 0
157, 0, 0, 0
158, 0, 0, 0
159, 0, 0, 0
160, 0, 0, 0
161, 0, 0, 0
162, 0, 0, 0
163, 0, 0, 0
164, 0, 0, 0
165, 0, 0, 0
166, 0, 0, 0
167, 0, 0, 0
168, 0, 0, 0
169, 0, 0, 0
170, 0, 0, 0
171, 0, 0, 0
172, 0, 0, 0
173, 0, 0, 0
174, 0, 0, 0
175, 0, 0, 0
176, 0, 0, 0
177, 0, 0, 0
178, 0, 0, 0
179, 0, 0, 0
180, 0, 0, 0
181, 0, 0, -0.00260335
182, 0, 0, -0.00520671
183, 0, 0, -0.00520671
184, 0, 0, -0.00520671
185, 0, 0, -0.00520671
186, 0, 0, -0.00260334
187, 0, 0, -0.00520671
188, 0, 0, -0.0104134
189, 0, 0, -0.0104134
190, 0, 0, -0.0104134
191, 0, 0, -0.0104134
192, 0, 0, -0.00520667
193, 0, 0, -0.00520671
194, 0, 0, -0.0104134
195, 0, 0, -0.0104134
196, 0, 0, -0.0104134
197, 0, 0, -0.0104134
198, 0, 0, -0.00520668
199, 0, 0, -0.00520671
200, 0, 0, -0.0104134
201, 0, 0, -0.0104134
202, 0, 0, -0.0104134
203, 0, 0, -0.0104134
204, 0, 0, -0.00520668
205, 0, 0, -0.00520671
206, 0, 0, -0.0104134
207, 0, 0, -0.0104134
208, 0, 0, -0.0104134
209, 0, 0, -0.0104134
210, 0, 0, -0.00520668
211, 0, 0, -0.00260334
212, 0, 0, -0.00520667
213, 0, 0, -0.00520668
214, 0, 0, -0.00520668
215, 0, 0, -0.00520668
216, 0, 0, -0.00260333
