*Title:
*Step  = 1
*Time  = 0.1
*Data  = ux;uy;uz
1, 0, 0, 0
2, 0, 0.0303828, 0
3, 0, 0.0607656, 0
4, 0, 0.0911485, 0
5, 0, 0.121531, 0
6, 0, 0.151914, 0
7, 0.0303828, 0, 0
8, 0.0303828, 0.0303828, 0
9, 0.0303828, 0.0607656, 0
10, 0.0303828, 0.0911485, 0
11, 0.0303828, 0.121531, 0
12, 0.0303828, 0.151914, 0
13, 0.0607656, 0, 0
14, 0.0607656, 0.0303828, 0
15, 0.0607656, 0.0607656, 0
16, 0.0607656, 0.0911485, 0
17, 0.0607656, 0.121531, 0
18, 0.0607656, 0.151914, 0
19, 0.0911485, 0, 0
20, 0.0911485, 0.0303828, 0
21, 0.0911485, 0.0607656, 0
22, 0.0911485, 0.0911485, 0
23, 0.0911485, 0.121531, 0
24, 0.0911485, 0.151914, 0
25, 0.121531, 0, 0
26, 0.121531, 0.0303828, 0
27, 0.121531, 0.0607656, 0
28, 0.121531, 0.0911485, 0
29, 0.121531, 0.121531, 0
30, 0.121531, 0.151914, 0
31, 0.151914, 0, 0
32, 0.151914, 0.0303828, 0
33, 0.151914, 0.0607656, 0
34, 0.151914, 0.0911485, 0
35, 0.151914, 0.121531, 0
36, 0.151914, 0.151914, 0
37, 0, 0, -0.06
38, 0, 0.0303828, -0.06
39, 0, 0.0607656, -0.06
40, 0, 0.0911485, -0.06
41, 0, 0.121531, -0.06
42, 0, 0.151914, -0.06
43, 0.0303828, 0, -0.06
44, 0.0303828, 0.0303828, -0.06
45, 0.0303828, 0.0607656, -0.06
46, 0.0303828, 0.0911485, -0.06
47, 0.0303828, 0.121531, -0.06
48, 0.0303828, 0.151914, -0.06
49, 0.0607656, 0, -0.06
50, 0.0607656, 0.0303828, -0.06
51, 0.0607656, 0.0607656, -0.06
52, 0.0607656, 0.0911485, -0.06
53, 0.0607656, 0.121531, -0.06
54, 0.0607656, 0.151914, -0.06
55, 0.0911485, 0, -0.06
56, 0.0911485, 0.0303828, -0.06
57, 0.0911485, 0.0607656, -0.06
58, 0.0911485, 0.0911485, -0.06
59, 0.0911485, 0.121531, -0.06
60, 0.0911485, 0.151914, -0.06
61, 0.121531, 0, -0.06
62, 0.121531, 0.0303828, -0.06
63, 0.121531, 0.0607656, -0.06
64, 0.121531, 0.0911485, -0.06
65, 0.121531, 0.121531, -0.06
66, 0.121531, 0.151914, -0.06
67, 0.151914, 0, -0.06
68, 0.151914, 0.0303828, -0.06
69, 0.151914, 0.0607656, -0.06
70, 0.151914, 0.0911485, -0.06
71, 0.151914, 0.121531, -0.06
72, 0.151914, 0.151914, -0.06
73, 0, 0, -0.12
74, 0, 0.0303828, -0.12
75, 0, 0.0607656, -0.12
76, 0, 0.0911485, -0.12
77, 0, 0.121531, -0.12
78, 0, 0.151914, -0.12
79, 0.0303828, 0, -0.12
80, 0.0303828, 0.0303828, -0.12
81, 0.0303828, 0.0607656, -0.12
82, 0.0303828, 0.0911485, -0.12
83, 0.0303828, 0.121531, -0.12
84, 0.0303828, 0.151914, -0.12
85, 0.0607656, 0, -0.12
86, 0.0607656, 0.0303828, -0.12
87, 0.0607656, 0.0607656, -0.12
88, 0.0607656, 0.0911485, -0.12
89, 0.0607656, 0.121531, -0.12
90, 0.0607656, 0.151914, -0.12
91, 0.0911485, 0, -0.12
92, 0.0911485, 0.0303828, -0.12
93, 0.0911485, 0.0607656, -0.12
94, 0.0911485, 0.0911485, -0.12
95, 0.0911485, 0.121531, -0.12
96, 0.0911485, 0.151914, -0.12
97, 0.121531, 0, -0.12
98, 0.121531, 0.0303828, -0.12
99, 0.121531, 0.0607656, -0.12
100, 0.121531, 0.0911485, -0.12
101, 0.121531, 0.121531, -0.12
102, 0.121531, 0.151914, -0.12
103, 0.151914, 0, -0.12
104, 0.151914, 0.0303828, -0.12
105, 0.151914, 0.0607656, -0.12
106, 0.151914, 0.0911485, -0.12
107, 0.151914, 0.121531, -0.12
108, 0.151914, 0.151914, -0.12
109, 0, 0, -0.18
110, 0, 0.0303828, -0.18
111, 0, 0.0607656, -0.18
112, 0, 0.0911485, -0.18
113, 0, 0.121531, -0.18
114, 0, 0.151914, -0.18
115, 0.0303828, 0, -0.18
116, 0.0303828, 0.0303828, -0.18
117, 0.0303828, 0.0607656, -0.18
118, 0.0303828, 0.0911485, -0.18
119, 0.0303828, 0.121531, -0.18
120, 0.0303828, 0.151914, -0.18
121, 0.0607656, 0, -0.18
122, 0.0607656, 0.0303828, -0.18
123, 0.0607656, 0.0607656, -0.18
124, 0.0607656, 0.0911485, -0.18
125, 0.0607656, 0.121531, -0.18
126, 0.0607656, 0.151914, -0.18
127, 0.0911485, 0, -0.18
128, 0.0911485, 0.0303828, -0.18
129, 0.0911485, 0.0607656, -0.18
130, 0.0911485, 0.0911485, -0.18
131, 0.0911485, 0.121531, -0.18
132, 0.0911485, 0.151914, -0.18
133, 0.121531, 0, -0.18
134, 0.121531, 0.0303828, -0.18
135, 0.121531, 0.0607656, -0.18
136, 0.121531, 0.0911485, -0.18
137, 0.121531, 0.121531, -0.18
138, 0.121531, 0.151914, -0.18
139, 0.151914, 0, -0.18
140, 0.151914, 0.0303828, -0.18
141, 0.151914, 0.0607656, -0.18
142, 0.151914, 0.0911485, -0.18
143, 0.151914, 0.121531, -0.18
144, 0.151914, 0.151914, -0.18
145, 0, 0, -0.24
146, 0, 0.0303828, -0.24
147, 0, 0.0607656, -0.24
148, 0, 0.0911485, -0.24
149, 0, 0.121531, -0.24
150, 0, 0.151914, -0.24
151, 0.0303828, 0, -0.24
152, 0.0303828, 0.0303828, -0.24
153, 0.0303828, 0.0607656, -0.24
154, 0.0303828, 0.0911485, -0.24
155, 0.0303828, 0.121531, -0.24
156, 0.0303828, 0.151914, -0.24
157, 0.0607656, 0, -0.24
158, 0.0607656, 0.0303828, -0.24
159, 0.0607656, 0.0607656, -0.24
160, 0.0607656, 0.0911485, -0.24
161, 0.0607656, 0.121531, -0.24
162, 0.0607656, 0.151914, -0.24
163, 0.0911485, 0, -0.24
164, 0.0911485, 0.0303828, -0.24
165, 0.0911485, 0.0607656, -0.24
166, 0.0911485, 0.0911485, -0.24
167, 0.0911485, 0.121531, -0.24
168, 0.0911485, 0.151914, -0.24
169, 0.121531, 0, -0.24
170, 0.121531, 0.0303828, -0.24
171, 0.121531, 0.0607656, -0.24
172, 0.121531, 0.0911485, -0.24
173, 0.121531, 0.121531, -0.24
174, 0.121531, 0.151914, -0.24
175, 0.151914, 0, -0.24
176, 0.151914, 0.0303828, -0.24
177, 0.151914, 0.0607656, -0.24
178, 0.151914, 0.0911485, -0.24
179, 0.151914, 0.121531, -0.24
180, 0.151914, 0.151914, -0.24
181, 0, 0, -0.3
182, 0, 0.0303828, -0.3
183, 0, 0.0607656, -0.3
184, 0, 0.0911485, -0.3
185, 0, 0.121531, -0.3
186, 0, 0.151914, -0.3
187, 0.0303828, 0, -0.3
188, 0.0303828, 0.0303828, -0.3
189, 0.0303828, 0.0607656, -0.3
190, 0.0303828, 0.0911485, -0.3
191, 0.0303828, 0.121531, -0.3
192, 0.0303828, 0.151914, -0.3
193, 0.0607656, 0, -0.3
194, 0.0607656, 0.0303828, -0.3
195, 0.0607656, 0.0607656, -0.3
196, 0.0607656, 0.0911485, -0.3
197, 0.0607656, 0.121531, -0.3
198, 0.0607656, 0.151914, -0.3
199, 0.0911485, 0, -0.3
200, 0.0911485, 0.0303828, -0.3
201, 0.0911485, 0.0607656, -0.3
202, 0.0911485, 0.0911485, -0.3
203, 0.0911485, 0.121531, -0.3
204, 0.0911485, 0.151914, -0.3
205, 0.121531, 0, -0.3
206, 0.121531, 0.0303828, -0.3
207, 0.121531, 0.0607656, -0.3
208, 0.121531, 0.0911485, -0.3
209, 0.121531, 0.121531, -0.3
210, 0.121531, 0.151914, -0.3
211, 0.151914, 0, -0.3
212, 0.151914, 0.0303828, -0.3
213, 0.151914, 0.0607656, -0.3
214, 0.151914, 0.0911485, -0.3
215, 0.151914, 0.121531, -0.3
216, 0.151914, 0.151914, -0.3
*Step  = 2
*Time  = 0.2
*Data  = ux;uy;uz
1, 0, 0, 0
2, 0, 0.0621955, 0
3, 0, 0.124391, 0
4, 0, 0.186586, 0
5, 0, 0.248782, 0
6, 0, 0.310977, 0
7, 0.0621955, 0, 0
8, 0.0621955, 0.0621955, 0
9, 0.0621955, 0.124391, 0
10, 0.0621955, 0.186586, 0
11, 0.0621955, 0.248782, 0
12, 0.0621955, 0.310977, 0
13, 0.124391, 0, 0
14, 0.124391, 0.0621955, 0
15, 0.124391, 0.124391, 0
16, 0.124391, 0.186586, 0
17, 0.124391, 0.248782, 0
18, 0.124391, 0.310977, 0
19, 0.186586, 0, 0
20, 0.186586, 0.0621955, 0
21, 0.186586, 0.124391, 0
22, 0.186586, 0.186586, 0
23, 0.186586, 0.248782, 0
24, 0.186586, 0.310977, 0
25, 0.248782, 0, 0
26, 0.248782, 0.0621955, 0
27, 0.248782, 0.124391, 0
28, 0.248782, 0.186586, 0
29, 0.248782, 0.248782, 0
30, 0.248782, 0.310977, 0
31, 0.310977, 0, 0
32, 0.310977, 0.0621955, 0
33, 0.310977, 0.124391, 0
34, 0.310977, 0.186586, 0
35, 0.310977, 0.248782, 0
36, 0.310977, 0.310977, 0
37, 0, 0, -0.12
38, 0, 0.0621955, -0.12
39, 0, 0.124391, -0.12
40, 0, 0.186586, -0.12
41, 0, 0.248782, -0.12
42, 0, 0.310977, -0.12
43, 0.0621955, 0, -0.12
44, 0.0621955, 0.0621955, -0.12
45, 0.0621955, 0.124391, -0.12
46, 0.0621955, 0.186586, -0.12
47, 0.0621955, 0.248782, -0.12
48, 0.0621955, 0.310977, -0.12
49, 0.124391, 0, -0.12
50, 0.124391, 0.0621955, -0.12
51, 0.124391, 0.124391, -0.12
52, 0.124391, 0.186586, -0.12
53, 0.124391, 0.248782, -0.12
54, 0.124391, 0.310977, -0.12
55, 0.186586, 0, -0.12
56, 0.186586, 0.0621955, -0.12
57, 0.186586, 0.124391, -0.12
58, 0.186586, 0.186586, -0.12
59, 0.186586, 0.248782, -0.12
60, 0.186586, 0.310977, -0.12
61, 0.248782, 0, -0.12
62, 0.248782, 0.0621955, -0.12
63, 0.248782, 0.124391, -0.12
64, 0.248782, 0.186586, -0.12
65, 0.248782, 0.248782, -0.12
66, 0.248782, 0.310977, -0.12
67, 0.310977, 0, -0.12
68, 0.310977, 0.0621955, -0.12
69, 0.310977, 0.124391, -0.12
70, 0.310977, 0.186586, -0.12
71, 0.310977, 0.248782, -0.12
72, 0.310977, 0.310977, -0.12
73, 0, 0, -0.24
74, 0, 0.0621955, -0.24
75, 0, 0.124391, -0.24
76, 0, 0.186586, -0.24
77, 0, 0.248782, -0.24
78, 0, 0.310977, -0.24
79, 0.0621955, 0, -0.24
80, 0.0621955, 0.0621955, -0.24
81, 0.0621955, 0.124391, -0.24
82, 0.0621955, 0.186586, -0.24
83, 0.0621955, 0.248782, -0.24
84, 0.0621955, 0.310977, -0.24
85, 0.124391, 0, -0.24
86, 0.124391, 0.0621955, -0.24
87, 0.124391, 0.124391, -0.24
88, 0.124391, 0.186586, -0.24
89, 0.124391, 0.248782, -0.24
90, 0.124391, 0.310977, -0.24
91, 0.186586, 0, -0.24
92, 0.186586, 0.0621955, -0.24
93, 0.186586, 0.124391, -0.24
94, 0.186586, 0.186586, -0.24
95, 0.186586, 0.248782, -0.24
96, 0.186586, 0.310977, -0.24
97, 0.248782, 0, -0.24
98, 0.248782, 0.0621955, -0.24
99, 0.248782, 0.124391, -0.24
100, 0.248782, 0.186586, -0.24
101, 0.248782, 0.248782, -0.24
102, 0.248782, 0.310977, -0.24
103, 0.310977, 0, -0.24
104, 0.310977, 0.0621955, -0.24
105, 0.310977, 0.124391, -0.24
106, 0.310977, 0.186586, -0.24
107, 0.310977, 0.248782, -0.24
108, 0.310977, 0.310977, -0.24
109, 0, 0, -0.36
110, 0, 0.0621955, -0.36
111, 0, 0.124391, -0.36
112, 0, 0.186586, -0.36
113, 0, 0.248782, -0.36
114, 0, 0.310977, -0.36
115, 0.0621955, 0, -0.36
116, 0.0621955, 0.0621955, -0.36
117, 0.0621955, 0.124391, -0.36
118, 0.0621955, 0.186586, -0.36
119, 0.0621955, 0.248782, -0.36
120, 0.0621955, 0.310977, -0.36
121, 0.124391, 0, -0.36
122, 0.124391, 0.0621955, -0.36
123, 0.124391, 0.124391, -0.36
124, 0.124391, 0.186586, -0.36
125, 0.124391, 0.248782, -0.36
126, 0.124391, 0.310977, -0.36
127, 0.186586, 0, -0.36
128, 0.186586, 0.0621955, -0.36
129, 0.186586, 0.124391, -0.36
130, 0.186586, 0.186586, -0.36
131, 0.186586, 0.248782, -0.36
132, 0.186586, 0.310977, -0.36
133, 0.248782, 0, -0.36
134, 0.248782, 0.0621955, -0.36
135, 0.248782, 0.124391, -0.36
136, 0.248782, 0.186586, -0.36
137, 0.248782, 0.248782, -0.36
138, 0.248782, 0.310977, -0.36
139, 0.310977, 0, -0.36
140, 0.310977, 0.0621955, -0.36
141, 0.310977, 0.124391, -0.36
142, 0.310977, 0.186586, -0.36
143, 0.310977, 0.248782, -0.36
144, 0.310977, 0.310977, -0.36
145, 0, 0, -0.48
146, 0, 0.0621955, -0.48
147, 0, 0.124391, -0.48
148, 0, 0.186586, -0.48
149, 0, 0.248782, -0.48
150, 0, 0.310977, -0.48
151, 0.0621955, 0, -0.48
152, 0.0621955, 0.0621955, -0.48
153, 0.0621955, 0.124391, -0.48
154, 0.0621955, 0.186586, -0.48
155, 0.0621955, 0.248782, -0.48
156, 0.0621955, 0.310977, -0.48
157, 0.124391, 0, -0.48
158, 0.124391, 0.0621955, -0.48
159, 0.124391, 0.124391, -0.48
160, 0.124391, 0.186586, -0.48
161, 0.124391, 0.248782, -0.48
162, 0.124391, 0.310977, -0.48
163, 0.186586, 0, -0.48
164, 0.186586, 0.0621955, -0.48
165, 0.186586, 0.124391, -0.48
166, 0.186586, 0.186586, -0.48
167, 0.186586, 0.248782, -0.48
168, 0.186586, 0.310977, -0.48
169, 0.248782, 0, -0.48
170, 0.248782, 0.0621955, -0.48
171, 0.248782, 0.124391, -0.48
172, 0.248782, 0.186586, -0.48
173, 0.248782, 0.248782, -0.48
174, 0.248782, 0.310977, -0.48
175, 0.310977, 0, -0.48
176, 0.310977, 0.0621955, -0.48
177, 0.310977, 0.124391, -0.48
178, 0.310977, 0.186586, -0.48
179, 0.310977, 0.248782, -0.48
180, 0.310977, 0.310977, -0.48
181, 0, 0, -0.6
182, 0, 0.0621955, -0.6
183, 0, 0.124391, -0.6
184, 0, 0.186586, -0.6
185, 0, 0.248782, -0.6
186, 0, 0.310977, -0.6
187, 0.0621955, 0, -0.6
188, 0.0621955, 0.0621955, -0.6
189, 0.0621955, 0.124391, -0.6
190, 0.0621955, 0.186586, -0.6
191, 0.0621955, 0.248782, -0.6
192, 0.0621955, 0.310977, -0.6
193, 0.124391, 0, -0.6
194, 0.124391, 0.0621955, -0.6
195, 0.124391, 0.124391, -0.6
196, 0.124391, 0.186586, -0.6
197, 0.124391, 0.248782, -0.6
198, 0.124391, 0.310977, -0.6
199, 0.186586, 0, -0.6
200, 0.186586, 0.0621955, -0.6
201, 0.186586, 0.124391, -0.6
202, 0.186586, 0.186586, -0.6
203, 0.186586, 0.248782, -0.6
204, 0.186586, 0.310977, -0.6
205, 0.248782, 0, -0.6
206, 0.248782, 0.0621955, -0.6
207, 0.248782, 0.124391, -0.6
208, 0.248782, 0.186586, -0.6
209, 0.248782, 0.248782, -0.6
210, 0.248782, 0.310977, -0.6
211, 0.310977, 0, -0.6
212, 0.310977, 0.0621955, -0.6
213, 0.310977, 0.124391, -0.6
214, 0.310977, 0.186586, -0.6
215, 0.310977, 0.248782, -0.6
216, 0.310977, 0.310977, -0.6
*Step  = 3
*Time  = 0.3
*Data  = ux;uy;uz
1, 0, 0, 0
2, 0, 0.0955445, 0
3, 0, 0.191089, 0
4, 0, 0.286633, 0
5, 0, 0.382178, 0
6, 0, 0.477722, 0
7, 0.0955445, 0, 0
8, 0.0955445, 0.0955445, 0
9, 0.0955445, 0.191089, 0
10, 0.0955445, 0.286633, 0
11, 0.0955445, 0.382178, 0
12, 0.0955445, 0.477722, 0
13, 0.191089, 0, 0
14, 0.191089, 0.0955445, 0
15, 0.191089, 0.191089, 0
16, 0.191089, 0.286633, 0
17, 0.191089, 0.382178, 0
18, 0.191089, 0.477722, 0
19, 0.286633, 0, 0
20, 0.286633, 0.0955445, 0
21, 0.286633, 0.191089, 0
22, 0.286633, 0.286633, 0
23, 0.286633, 0.382178, 0
24, 0.286633, 0.477722, 0
25, 0.382178, 0, 0
26, 0.382178, 0.0955445, 0
27, 0.382178, 0.191089, 0
28, 0.382178, 0.286633, 0
29, 0.382178, 0.382178, 0
30, 0.382178, 0.477722, 0
31, 0.477722, 0, 0
32, 0.477722, 0.0955445, 0
33, 0.477722, 0.191089, 0
34, 0.477722, 0.286633, 0
35, 0.477722, 0.382178, 0
36, 0.477722, 0.477722, 0
37, 0, 0, -0.18
38, 0, 0.0955445, -0.18
39, 0, 0.191089, -0.18
40, 0, 0.286633, -0.18
41, 0, 0.382178, -0.18
42, 0, 0.477722, -0.18
43, 0.0955445, 0, -0.18
44, 0.0955445, 0.0955445, -0.18
45, 0.0955445, 0.191089, -0.18
46, 0.0955445, 0.286633, -0.18
47, 0.0955445, 0.382178, -0.18
48, 0.0955445, 0.477722, -0.18
49, 0.191089, 0, -0.18
50, 0.191089, 0.0955445, -0.18
51, 0.191089, 0.191089, -0.18
52, 0.191089, 0.286633, -0.18
53, 0.191089, 0.382178, -0.18
54, 0.191089, 0.477722, -0.18
55, 0.286633, 0, -0.18
56, 0.286633, 0.0955445, -0.18
57, 0.286633, 0.191089, -0.18
58, 0.286633, 0.286633, -0.18
59, 0.286633, 0.382178, -0.18
60, 0.286633, 0.477722, -0.18
61, 0.382178, 0, -0.18
62, 0.382178, 0.0955445, -0.18
63, 0.382178, 0.191089, -0.18
64, 0.382178, 0.286633, -0.18
65, 0.382178, 0.382178, -0.18
66, 0.382178, 0.477722, -0.18
67, 0.477722, 0, -0.18
68, 0.477722, 0.0955445, -0.18
69, 0.477722, 0.191089, -0.18
70, 0.477722, 0.286633, -0.18
71, 0.477722, 0.382178, -0.18
72, 0.477722, 0.477722, -0.18
73, 0, 0, -0.36
74, 0, 0.0955445, -0.36
75, 0, 0.191089, -0.36
76, 0, 0.286633, -0.36
77, 0, 0.382178, -0.36
78, 0, 0.477722, -0.36
79, 0.0955445, 0, -0.36
80, 0.0955445, 0.0955445, -0.36
81, 0.0955445, 0.191089, -0.36
82, 0.0955445, 0.286633, -0.36
83, 0.0955445, 0.382178, -0.36
84, 0.0955445, 0.477722, -0.36
85, 0.191089, 0, -0.36
86, 0.191089, 0.0955445, -0.36
87, 0.191089, 0.191089, -0.36
88, 0.191089, 0.286633, -0.36
89, 0.191089, 0.382178, -0.36
90, 0.191089, 0.477722, -0.36
91, 0.286633, 0, -0.36
92, 0.286633, 0.0955445, -0.36
93, 0.286633, 0.191089, -0.36
94, 0.286633, 0.286633, -0.36
95, 0.286633, 0.382178, -0.36
96, 0.286633, 0.477722, -0.36
97, 0.382178, 0, -0.36
98, 0.382178, 0.0955445, -0.36
99, 0.382178, 0.191089, -0.36
100, 0.382178, 0.286633, -0.36
101, 0.382178, 0.382178, -0.36
102, 0.382178, 0.477722, -0.36
103, 0.477722, 0, -0.36
104, 0.477722, 0.0955445, -0.36
105, 0.477722, 0.191089, -0.36
106, 0.477722, 0.286633, -0.36
107, 0.477722, 0.382178, -0.36
108, 0.477722, 0.477722, -0.36
109, 0, 0, -0.54
110, 0, 0.0955445, -0.54
111, 0, 0.191089, -0.54
112, 0, 0.286633, -0.54
113, 0, 0.382178, -0.54
114, 0, 0.477722, -0.54
115, 0.0955445, 0, -0.54
116, 0.0955445, 0.0955445, -0.54
117, 0.0955445, 0.191089, -0.54
118, 0.0955445, 0.286633, -0.54
119, 0.0955445, 0.382178, -0.54
120, 0.0955445, 0.477722, -0.54
121, 0.191089, 0, -0.54
122, 0.191089, 0.0955445, -0.54
123, 0.191089, 0.191089, -0.54
124, 0.191089, 0.286633, -0.54
125, 0.191089, 0.382178, -0.54
126, 0.191089, 0.477722, -0.54
127, 0.286633, 0, -0.54
128, 0.286633, 0.0955445, -0.54
129, 0.286633, 0.191089, -0.54
130, 0.286633, 0.286633, -0.54
131, 0.286633, 0.382178, -0.54
132, 0.286633, 0.477722, -0.54
133, 0.382178, 0, -0.54
134, 0.382178, 0.0955445, -0.54
135, 0.382178, 0.191089, -0.54
136, 0.382178, 0.286633, -0.54
137, 0.382178, 0.382178, -0.54
138, 0.382178, 0.477722, -0.54
139, 0.477722, 0, -0.54
140, 0.477722, 0.0955445, -0.54
141, 0.477722, 0.191089, -0.54
142, 0.477722, 0.286633, -0.54
143, 0.477722, 0.382178, -0.54
144, 0.477722, 0.477722, -0.54
145, 0, 0, -0.72
146, 0, 0.0955445, -0.72
147, 0, 0.191089, -0.72
148, 0, 0.286633, -0.72
149, 0, 0.382178, -0.72
150, 0, 0.477722, -0.72
151, 0.0955445, 0, -0.72
152, 0.0955445, 0.0955445, -0.72
153, 0.0955445, 0.191089, -0.72
154, 0.0955445, 0.286633, -0.72
155, 0.0955445, 0.382178, -0.72
156, 0.0955445, 0.477722, -0.72
157, 0.191089, 0, -0.72
158, 0.191089, 0.0955445, -0.72
159, 0.191089, 0.191089, -0.72
160, 0.191089, 0.286633, -0.72
161, 0.191089, 0.382178, -0.72
162, 0.191089, 0.477722, -0.72
163, 0.286633, 0, -0.72
164, 0.286633, 0.0955445, -0.72
165, 0.286633, 0.191089, -0.72
166, 0.286633, 0.286633, -0.72
167, 0.286633, 0.382178, -0.72
168, 0.286633, 0.477722, -0.72
169, 0.382178, 0, -0.72
170, 0.382178, 0.0955445, -0.72
171, 0.382178, 0.191089, -0.72
172, 0.382178, 0.286633, -0.72
173, 0.382178, 0.382178, -0.72
174, 0.382178, 0.477722, -0.72
175, 0.477722, 0, -0.72
176, 0.477722, 0.0955445, -0.72
177, 0.477722, 0.191089, -0.72
178, 0.477722, 0.286633, -0.72
179, 0.477722, 0.382178, -0.72
180, 0.477722, 0.477722, -0.72
181, 0, 0, -0.9
182, 0, 0.0955445, -0.9
183, 0, 0.191089, -0.9
184, 0, 0.286633, -0.9
185, 0, 0.382178, -0.9
186, 0, 0.477722, -0.9
187, 0.0955445, 0, -0.9
188, 0.0955445, 0.0955445, -0.9
189, 0.0955445, 0.191089, -0.9
190, 0.0955445, 0.286633, -0.9
191, 0.0955445, 0.382178, -0.9
192, 0.0955445, 0.477722, -0.9
193, 0.191089, 0, -0.9
194, 0.191089, 0.0955445, -0.9
195, 0.191089, 0.191089, -0.9
196, 0.191089, 0.286633, -0.9
197, 0.191089, 0.382178, -0.9
198, 0.191089, 0.477722, -0.9
199, 0.286633, 0, -0.9
200, 0.286633, 0.0955445, -0.9
201, 0.286633, 0.191089, -0.9
202, 0.286633, 0.286633, -0.9
203, 0.286633, 0.382178, -0.9
204, 0.286633, 0.477722, -0.9
205, 0.382178, 0, -0.9
206, 0.382178, 0.0955445, -0.9
207, 0.382178, 0.191089, -0.9
208, 0.382178, 0.286633, -0.9
209, 0.382178, 0.382178, -0.9
210, 0.382178, 0.477722, -0.9
211, 0.477722, 0, -0.9
212, 0.477722, 0.0955445, -0.9
213, 0.477722, 0.191089, -0.9
214, 0.477722, 0.286633, -0.9
215, 0.477722, 0.382178, -0.9
216, 0.477722, 0.477722, -0.9
*Step  = 4
*Time  = 0.4
*Data  = ux;uy;uz
1, 0, 0, 0
2, 0, 0.130547, 0
3, 0, 0.261093, 0
4, 0, 0.39164, 0
5, 0, 0.522187, 0
6, 0, 0.652734, 0
7, 0.130547, 0, 0
8, 0.130547, 0.130547, 0
9, 0.130547, 0.261093, 0
10, 0.130547, 0.39164, 0
11, 0.130547, 0.522187, 0
12, 0.130547, 0.652734, 0
13, 0.261093, 0, 0
14, 0.261093, 0.130547, 0
15, 0.261093, 0.261093, 0
16, 0.261093, 0.39164, 0
17, 0.261093, 0.522187, 0
18, 0.261093, 0.652734, 0
19, 0.39164, 0, 0
20, 0.39164, 0.130547, 0
21, 0.39164, 0.261093, 0
22, 0.39164, 0.39164, 0
23, 0.39164, 0.522187, 0
24, 0.39164, 0.652734, 0
25, 0.522187, 0, 0
26, 0.522187, 0.130547, 0
27, 0.522187, 0.261093, 0
28, 0.522187, 0.39164, 0
29, 0.522187, 0.522187, 0
30, 0.522187, 0.652734, 0
31, 0.652734, 0, 0
32, 0.652734, 0.130547, 0
33, 0.652734, 0.261093, 0
34, 0.652734, 0.39164, 0
35, 0.652734, 0.522187, 0
36, 0.652734, 0.652734, 0
37, 0, 0, -0.24
38, 0, 0.130547, -0.24
39, 0, 0.261093, -0.24
40, 0, 0.39164, -0.24
41, 0, 0.522187, -0.24
42, 0, 0.652734, -0.24
43, 0.130547, 0, -0.24
44, 0.130547, 0.130547, -0.24
45, 0.130547, 0.261093, -0.24
46, 0.130547, 0.39164, -0.24
47, 0.130547, 0.522187, -0.24
48, 0.130547, 0.652734, -0.24
49, 0.261093, 0, -0.24
50, 0.261093, 0.130547, -0.24
51, 0.261093, 0.261093, -0.24
52, 0.261093, 0.39164, -0.24
53, 0.261093, 0.522187, -0.24
54, 0.261093, 0.652734, -0.24
55, 0.39164, 0, -0.24
56, 0.39164, 0.130547, -0.24
57, 0.39164, 0.261093, -0.24
58, 0.39164, 0.39164, -0.24
59, 0.39164, 0.522187, -0.24
60, 0.39164, 0.652734, -0.24
61, 0.522187, 0, -0.24
62, 0.522187, 0.130547, -0.24
63, 0.522187, 0.261093, -0.24
64, 0.522187, 0.39164, -0.24
65, 0.522187, 0.522187, -0.24
66, 0.522187, 0.652734, -0.24
67, 0.652734, 0, -0.24
68, 0.652734, 0.130547, -0.24
69, 0.652734, 0.261093, -0.24
70, 0.652734, 0.39164, -0.24
71, 0.652734, 0.522187, -0.24
72, 0.652734, 0.652734, -0.24
73, 0, 0, -0.48
74, 0, 0.130547, -0.48
75, 0, 0.261093, -0.48
76, 0, 0.39164, -0.48
77, 0, 0.522187, -0.48
78, 0, 0.652734, -0.48
79, 0.130547, 0, -0.48
80, 0.130547, 0.130547, -0.48
81, 0.130547, 0.261093, -0.48
82, 0.130547, 0.39164, -0.48
83, 0.130547, 0.522187, -0.48
84, 0.130547, 0.652734, -0.48
85, 0.261093, 0, -0.48
86, 0.261093, 0.130547, -0.48
87, 0.261093, 0.261093, -0.48
88, 0.261093, 0.39164, -0.48
89, 0.261093, 0.522187, -0.48
90, 0.261093, 0.652734, -0.48
91, 0.39164, 0, -0.48
92, 0.39164, 0.130547, -0.48
93, 0.39164, 0.261093, -0.48
94, 0.39164, 0.39164, -0.48
95, 0.39164, 0.522187, -0.48
96, 0.39164, 0.652734, -0.48
97, 0.522187, 0, -0.48
98, 0.522187, 0.130547, -0.48
99, 0.522187, 0.261093, -0.48
100, 0.522187, 0.39164, -0.48
101, 0.522187, 0.522187, -0.48
102, 0.522187, 0.652734, -0.48
103, 0.652734, 0, -0.48
104, 0.652734, 0.130547, -0.48
105, 0.652734, 0.261093, -0.48
106, 0.652734, 0.39164, -0.48
107, 0.652734, 0.522187, -0.48
108, 0.652734, 0.652734, -0.48
109, 0, 0, -0.72
110, 0, 0.130547, -0.72
111, 0, 0.261093, -0.72
112, 0, 0.39164, -0.72
113, 0, 0.522187, -0.72
114, 0, 0.652734, -0.72
115, 0.130547, 0, -0.72
116, 0.130547, 0.130547, -0.72
117, 0.130547, 0.261093, -0.72
118, 0.130547, 0.39164, -0.72
119, 0.130547, 0.522187, -0.72
120, 0.130547, 0.652734, -0.72
121, 0.261093, 0, -0.72
122, 0.261093, 0.130547, -0.72
123, 0.261093, 0.261093, -0.72
124, 0.261093, 0.39164, -0.72
125, 0.261093, 0.522187, -0.72
126, 0.261093, 0.652734, -0.72
127, 0.39164, 0, -0.72
128, 0.39164, 0.130547, -0.72
129, 0.39164, 0.261093, -0.72
130, 0.39164, 0.39164, -0.72
131, 0.39164, 0.522187, -0.72
132, 0.39164, 0.652734, -0.72
133, 0.522187, 0, -0.72
134, 0.522187, 0.130547, -0.72
135, 0.522187, 0.261093, -0.72
136, 0.522187, 0.39164, -0.72
137, 0.522187, 0.522187, -0.72
138, 0.522187, 0.652734, -0.72
139, 0.652734, 0, -0.72
140, 0.652734, 0.130547, -0.72
141, 0.652734, 0.261093, -0.72
142, 0.652734, 0.39164, -0.72
143, 0.652734, 0.522187, -0.72
144, 0.652734, 0.652734, -0.72
145, 0, 0, -0.96
146, 0, 0.130547, -0.96
147, 0, 0.261093, -0.96
148, 0, 0.39164, -0.96
149, 0, 0.522187, -0.96
150, 0, 0.652734, -0.96
151, 0.130547, 0, -0.96
152, 0.130547, 0.130547, -0.96
153, 0.130547, 0.261093, -0.96
154, 0.130547, 0.39164, -0.96
155, 0.130547, 0.522187, -0.96
156, 0.130547, 0.652734, -0.96
157, 0.261093, 0, -0.96
158, 0.261093, 0.130547, -0.96
159, 0.261093, 0.261093, -0.96
160, 0.261093, 0.39164, -0.96
161, 0.261093, 0.522187, -0.96
162, 0.261093, 0.652734, -0.96
163, 0.39164, 0, -0.96
164, 0.39164, 0.130547, -0.96
165, 0.39164, 0.261093, -0.96
166, 0.39164, 0.39164, -0.96
167, 0.39164, 0.522187, -0.96
168, 0.39164, 0.652734, -0.96
169, 0.522187, 0, -0.96
170, 0.522187, 0.130547, -0.96
171, 0.522187, 0.261093, -0.96
172, 0.522187, 0.39164, -0.96
173, 0.522187, 0.522187, -0.96
174, 0.522187, 0.652734, -0.96
175, 0.652734, 0, -0.96
176, 0.652734, 0.130547, -0.96
177, 0.652734, 0.261093, -0.96
178, 0.652734, 0.39164, -0.96
179, 0.652734, 0.522187, -0.96
180, 0.652734, 0.652734, -0.96
181, 0, 0, -1.2
182, 0, 0.130547, -1.2
183, 0, 0.261093, -1.2
184, 0, 0.39164, -1.2
185, 0, 0.522187, -1.2
186, 0, 0.652734, -1.2
187, 0.130547, 0, -1.2
188, 0.130547, 0.130547, -1.2
189, 0.130547, 0.261093, -1.2
190, 0.130547, 0.39164, -1.2
191, 0.130547, 0.522187, -1.2
192, 0.130547, 0.652734, -1.2
193, 0.261093, 0, -1.2
194, 0.261093, 0.130547, -1.2
195, 0.261093, 0.261093, -1.2
196, 0.261093, 0.39164, -1.2
197, 0.261093, 0.522187, -1.2
198, 0.261093, 0.652734, -1.2
199, 0.39164, 0, -1.2
200, 0.39164, 0.130547, -1.2
201, 0.39164, 0.261093, -1.2
202, 0.39164, 0.39164, -1.2
203, 0.39164, 0.522187, -1.2
204, 0.39164, 0.652734, -1.2
205, 0.522187, 0, -1.2
206, 0.522187, 0.130547, -1.2
207, 0.522187, 0.261093, -1.2
208, 0.522187, 0.39164, -1.2
209, 0.522187, 0.522187, -1.2
210, 0.522187, 0.652734, -1.2
211, 0.652734, 0, -1.2
212, 0.652734, 0.130547, -1.2
213, 0.652734, 0.261093, -1.2
214, 0.652734, 0.39164, -1.2
215, 0.652734, 0.522187, -1.2
216, 0.652734, 0.652734, -1.2
*Step  = 5
*Time  = 0.5
*Data  = ux;uy;uz
1, 0, 0, 0
2, 0, 0.16733, 0
3, 0, 0.33466, 0
4, 0, 0.501991, 0
5, 0, 0.669321, 0
6, 0, 0.836651, 0
7, 0.16733, 0, 0
8, 0.16733, 0.16733, 0
9, 0.16733, 0.33466, 0
10, 0.16733, 0.501991, 0
11, 0.16733, 0.669321, 0
12, 0.16733, 0.836651, 0
13, 0.33466, 0, 0
14, 0.33466, 0.16733, 0
15, 0.33466, 0.33466, 0
16, 0.33466, 0.501991, 0
17, 0.33466, 0.669321, 0
18, 0.33466, 0.836651, 0
19, 0.501991, 0, 0
20, 0.501991, 0.16733, 0
21, 0.501991, 0.33466, 0
22, 0.501991, 0.501991, 0
23, 0.501991, 0.669321, 0
24, 0.501991, 0.836651, 0
25, 0.669321, 0, 0
26, 0.669321, 0.16733, 0
27, 0.669321, 0.33466, 0
28, 0.669321, 0.501991, 0
29, 0.669321, 0.669321, 0
30, 0.669321, 0.836651, 0
31, 0.836651, 0, 0
32, 0.836651, 0.16733, 0
33, 0.836651, 0.33466, 0
34, 0.836651, 0.501991, 0
35, 0.836651, 0.669321, 0
36, 0.836651, 0.836651, 0
37, 0, 0, -0.3
38, 0, 0.16733, -0.3
39, 0, 0.33466, -0.3
40, 0, 0.501991, -0.3
41, 0, 0.669321, -0.3
42, 0, 0.836651, -0.3
43, 0.16733, 0, -0.3
44, 0.16733, 0.16733, -0.3
45, 0.16733, 0.33466, -0.3
46, 0.16733, 0.501991, -0.3
47, 0.16733, 0.669321, -0.3
48, 0.16733, 0.836651, -0.3
49, 0.33466, 0, -0.3
50, 0.33466, 0.16733, -0.3
51, 0.33466, 0.33466, -0.3
52, 0.33466, 0.501991, -0.3
53, 0.33466, 0.669321, -0.3
54, 0.33466, 0.836651, -0.3
55, 0.501991, 0, -0.3
56, 0.501991, 0.16733, -0.3
57, 0.501991, 0.33466, -0.3
58, 0.501991, 0.501991, -0.3
59, 0.501991, 0.669321, -0.3
60, 0.501991, 0.836651, -0.3
61, 0.669321, 0, -0.3
62, 0.669321, 0.16733, -0.3
63, 0.669321, 0.33466, -0.3
64, 0.669321, 0.501991, -0.3
65, 0.669321, 0.669321, -0.3
66, 0.669321, 0.836651, -0.3
67, 0.836651, 0, -0.3
68, 0.836651, 0.16733, -0.3
69, 0.836651, 0.33466, -0.3
70, 0.836651, 0.501991, -0.3
71, 0.836651, 0.669321, -0.3
72, 0.836651, 0.836651, -0.3
73, 0, 0, -0.6
74, 0, 0.16733, -0.6
75, 0, 0.33466, -0.6
76, 0, 0.501991, -0.6
77, 0, 0.669321, -0.6
78, 0, 0.836651, -0.6
79, 0.16733, 0, -0.6
80, 0.16733, 0.16733, -0.6
81, 0.16733, 0.33466, -0.6
82, 0.16733, 0.501991, -0.6
83, 0.16733, 0.669321, -0.6
84, 0.16733, 0.836651, -0.6
85, 0.33466, 0, -0.6
86, 0.33466, 0.16733, -0.6
87, 0.33466, 0.33466, -0.6
88, 0.33466, 0.501991, -0.6
89, 0.33466, 0.669321, -0.6
90, 0.33466, 0.836651, -0.6
91, 0.501991, 0, -0.6
92, 0.501991, 0.16733, -0.6
93, 0.501991, 0.33466, -0.6
94, 0.501991, 0.501991, -0.6
95, 0.501991, 0.669321, -0.6
96, 0.501991, 0.836651, -0.6
97, 0.669321, 0, -0.6
98, 0.669321, 0.16733, -0.6
99, 0.669321, 0.33466, -0.6
100, 0.669321, 0.501991, -0.6
101, 0.669321, 0.669321, -0.6
102, 0.669321, 0.836651, -0.6
103, 0.836651, 0, -0.6
104, 0.836651, 0.16733, -0.6
105, 0.836651, 0.33466, -0.6
106, 0.836651, 0.501991, -0.6
107, 0.836651, 0.669321, -0.6
108, 0.836651, 0.836651, -0.6
109, 0, 0, -0.9
110, 0, 0.16733, -0.9
111, 0, 0.33466, -0.9
112, 0, 0.501991, -0.9
113, 0, 0.669321, -0.9
114, 0, 0.836651, -0.9
115, 0.16733, 0, -0.9
116, 0.16733, 0.16733, -0.9
117, 0.16733, 0.33466, -0.9
118, 0.16733, 0.501991, -0.9
119, 0.16733, 0.669321, -0.9
120, 0.16733, 0.836651, -0.9
121, 0.33466, 0, -0.9
122, 0.33466, 0.16733, -0.9
123, 0.33466, 0.33466, -0.9
124, 0.33466, 0.501991, -0.9
125, 0.33466, 0.669321, -0.9
126, 0.33466, 0.836651, -0.9
127, 0.501991, 0, -0.9
128, 0.501991, 0.16733, -0.9
129, 0.501991, 0.33466, -0.9
130, 0.501991, 0.501991, -0.9
131, 0.501991, 0.669321, -0.9
132, 0.501991, 0.836651, -0.9
133, 0.669321, 0, -0.9
134, 0.669321, 0.16733, -0.9
135, 0.669321, 0.33466, -0.9
136, 0.669321, 0.501991, -0.9
137, 0.669321, 0.669321, -0.9
138, 0.669321, 0.836651, -0.9
139, 0.836651, 0, -0.9
140, 0.836651, 0.16733, -0.9
141, 0.836651, 0.33466, -0.9
142, 0.836651, 0.501991, -0.9
143, 0.836651, 0.669321, -0.9
144, 0.836651, 0.836651, -0.9
145, 0, 0, -1.2
146, 0, 0.16733, -1.2
147, 0, 0.33466, -1.2
148, 0, 0.501991, -1.2
149, 0, 0.669321, -1.2
150, 0, 0.836651, -1.2
151, 0.16733, 0, -1.2
152, 0.16733, 0.16733, -1.2
153, 0.16733, 0.33466, -1.2
154, 0.16733, 0.501991, -1.2
155, 0.16733, 0.669321, -1.2
156, 0.16733, 0.836651, -1.2
157, 0.33466, 0, -1.2
158, 0.33466, 0.16733, -1.2
159, 0.33466, 0.33466, -1.2
160, 0.33466, 0.501991, -1.2
161, 0.33466, 0.669321, -1.2
162, 0.33466, 0.836651, -1.2
163, 0.501991, 0, -1.2
164, 0.501991, 0.16733, -1.2
165, 0.501991, 0.33466, -1.2
166, 0.501991, 0.501991, -1.2
167, 0.501991, 0.669321, -1.2
168, 0.501991, 0.836651, -1.2
169, 0.669321, 0, -1.2
170, 0.669321, 0.16733, -1.2
171, 0.669321, 0.33466, -1.2
172, 0.669321, 0.501991, -1.2
173, 0.669321, 0.669321, -1.2
174, 0.669321, 0.836651, -1.2
175, 0.836651, 0, -1.2
176, 0.836651, 0.16733, -1.2
177, 0.836651, 0.33466, -1.2
178, 0.836651, 0.501991, -1.2
179, 0.836651, 0.669321, -1.2
180, 0.836651, 0.836651, -1.2
181, 0, 0, -1.5
182, 0, 0.16733, -1.5
183, 0, 0.33466, -1.5
184, 0, 0.501991, -1.5
185, 0, 0.669321, -1.5
186, 0, 0.836651, -1.5
187, 0.16733, 0, -1.5
188, 0.16733, 0.16733, -1.5
189, 0.16733, 0.33466, -1.5
190, 0.16733, 0.501991, -1.5
191, 0.16733, 0.669321, -1.5
192, 0.16733, 0.836651, -1.5
193, 0.33466, 0, -1.5
194, 0.33466, 0.16733, -1.5
195, 0.33466, 0.33466, -1.5
196, 0.33466, 0.501991, -1.5
197, 0.33466, 0.669321, -1.5
198, 0.33466, 0.836651, -1.5
199, 0.501991, 0, -1.5
200, 0.501991, 0.16733, -1.5
201, 0.501991, 0.33466, -1.5
202, 0.501991, 0.501991, -1.5
203, 0.501991, 0.669321, -1.5
204, 0.501991, 0.836651, -1.5
205, 0.669321, 0, -1.5
206, 0.669321, 0.16733, -1.5
207, 0.669321, 0.33466, -1.5
208, 0.669321, 0.501991, -1.5
209, 0.669321, 0.669321, -1.5
210, 0.669321, 0.836651, -1.5
211, 0.836651, 0, -1.5
212, 0.836651, 0.16733, -1.5
213, 0.836651, 0.33466, -1.5
214, 0.836651, 0.501991, -1.5
215, 0.836651, 0.669321, -1.5
216, 0.836651, 0.836651, -1.5
*Step  = 6
*Time  = 0.6
*Data  = ux;uy;uz
1, 0, 0, 0
2, 0, 0.206034, 0
3, 0, 0.412069, 0
4, 0, 0.618103, 0
5, 0, 0.824138, 0
6, 0, 1.03017, 0
7, 0.206034, 0, 0
8, 0.206034, 0.206034, 0
9, 0.206034, 0.412069, 0
10, 0.206034, 0.618103, 0
11, 0.206034, 0.824138, 0
12, 0.206034, 1.03017, 0
13, 0.412069, 0, 0
14, 0.412069, 0.206034, 0
15, 0.412069, 0.412069, 0
16, 0.412069, 0.618103, 0
17, 0.412069, 0.824138, 0
18, 0.412069, 1.03017, 0
19, 0.618103, 0, 0
20, 0.618103, 0.206034, 0
21, 0.618103, 0.412069, 0
22, 0.618103, 0.618103, 0
23, 0.618103, 0.824138, 0
24, 0.618103, 1.03017, 0
25, 0.824138, 0, 0
26, 0.824138, 0.206034, 0
27, 0.824138, 0.412069, 0
28, 0.824138, 0.618103, 0
29, 0.824138, 0.824138, 0
30, 0.824138, 1.03017, 0
31, 1.03017, 0, 0
32, 1.03017, 0.206034, 0
33, 1.03017, 0.412069, 0
34, 1.03017, 0.618103, 0
35, 1.03017, 0.824138, 0
36, 1.03017, 1.03017, 0
37, 0, 0, -0.36
38, 0, 0.206034, -0.36
39, 0, 0.412069, -0.36
40, 0, 0.618103, -0.36
41, 0, 0.824138, -0.36
42, 0, 1.03017, -0.36
43, 0.206034, 0, -0.36
44, 0.206034, 0.206034, -0.36
45, 0.206034, 0.412069, -0.36
46, 0.206034, 0.618103, -0.36
47, 0.206034, 0.824138, -0.36
48, 0.206034, 1.03017, -0.36
49, 0.412069, 0, -0.36
50, 0.412069, 0.206034, -0.36
51, 0.412069, 0.412069, -0.36
52, 0.412069, 0.618103, -0.36
53, 0.412069, 0.824138, -0.36
54, 0.412069, 1.03017, -0.36
55, 0.618103, 0, -0.36
56, 0.618103, 0.206034, -0.36
57, 0.618103, 0.412069, -0.36
58, 0.618103, 0.618103, -0.36
59, 0.618103, 0.824138, -0.36
60, 0.618103, 1.03017, -0.36
61, 0.824138, 0, -0.36
62, 0.824138, 0.206034, -0.36
63, 0.824138, 0.412069, -0.36
64, 0.824138, 0.618103, -0.36
65, 0.824138, 0.824138, -0.36
66, 0.824138, 1.03017, -0.36
67, 1.03017, 0, -0.36
68, 1.03017, 0.206034, -0.36
69, 1.03017, 0.412069, -0.36
70, 1.03017, 0.618103, -0.36
71, 1.03017, 0.824138, -0.36
72, 1.03017, 1.03017, -0.36
73, 0, 0, -0.72
74, 0, 0.206034, -0.72
75, 0, 0.412069, -0.72
76, 0, 0.618103, -0.72
77, 0, 0.824138, -0.72
78, 0, 1.03017, -0.72
79, 0.206034, 0, -0.72
80, 0.206034, 0.206034, -0.72
81, 0.206034, 0.412069, -0.72
82, 0.206034, 0.618103, -0.72
83, 0.206034, 0.824138, -0.72
84, 0.206034, 1.03017, -0.72
85, 0.412069, 0, -0.72
86, 0.412069, 0.206034, -0.72
87, 0.412069, 0.412069, -0.72
88, 0.412069, 0.618103, -0.72
89, 0.412069, 0.824138, -0.72
90, 0.412069, 1.03017, -0.72
91, 0.618103, 0, -0.72
92, 0.618103, 0.206034, -0.72
93, 0.618103, 0.412069, -0.72
94, 0.618103, 0.618103, -0.72
95, 0.618103, 0.824138, -0.72
96, 0.618103, 1.03017, -0.72
97, 0.824138, 0, -0.72
98, 0.824138, 0.206034, -0.72
99, 0.824138, 0.412069, -0.72
100, 0.824138, 0.618103, -0.72
101, 0.824138, 0.824138, -0.72
102, 0.824138, 1.03017, -0.72
103, 1.03017, 0, -0.72
104, 1.03017, 0.206034, -0.72
105, 1.03017, 0.412069, -0.72
106, 1.03017, 0.618103, -0.72
107, 1.03017, 0.824138, -0.72
108, 1.03017, 1.03017, -0.72
109, 0, 0, -1.08
110, 0, 0.206034, -1.08
111, 0, 0.412069, -1.08
112, 0, 0.618103, -1.08
113, 0, 0.824138, -1.08
114, 0, 1.03017, -1.08
115, 0.206034, 0, -1.08
116, 0.206034, 0.206034, -1.08
117, 0.206034, 0.412069, -1.08
118, 0.206034, 0.618103, -1.08
119, 0.206034, 0.824138, -1.08
120, 0.206034, 1.03017, -1.08
121, 0.412069, 0, -1.08
122, 0.412069, 0.206034, -1.08
123, 0.412069, 0.412069, -1.08
124, 0.412069, 0.618103, -1.08
125, 0.412069, 0.824138, -1.08
126, 0.412069, 1.03017, -1.08
127, 0.618103, 0, -1.08
128, 0.618103, 0.206034, -1.08
129, 0.618103, 0.412069, -1.08
130, 0.618103, 0.618103, -1.08
131, 0.618103, 0.824138, -1.08
132, 0.618103, 1.03017, -1.08
133, 0.824138, 0, -1.08
134, 0.824138, 0.206034, -1.08
135, 0.824138, 0.412069, -1.08
136, 0.824138, 0.618103, -1.08
137, 0.824138, 0.824138, -1.08
138, 0.824138, 1.03017, -1.08
139, 1.03017, 0, -1.08
140, 1.03017, 0.206034, -1.08
141, 1.03017, 0.412069, -1.08
142, 1.03017, 0.618103, -1.08
143, 1.03017, 0.824138, -1.08
144, 1.03017, 1.03017, -1.08
145, 0, 0, -1.44
146, 0, 0.206034, -1.44
147, 0, 0.412069, -1.44
148, 0, 0.618103, -1.44
149, 0, 0.824138, -1.44
150, 0, 1.03017, -1.44
151, 0.206034, 0, -1.44
152, 0.206034, 0.206034, -1.44
153, 0.206034, 0.412069, -1.44
154, 0.206034, 0.618103, -1.44
155, 0.206034, 0.824138, -1.44
156, 0.206034, 1.03017, -1.44
157, 0.412069, 0, -1.44
158, 0.412069, 0.206034, -1.44
159, 0.412069, 0.412069, -1.44
160, 0.412069, 0.618103, -1.44
161, 0.412069, 0.824138, -1.44
162, 0.412069, 1.03017, -1.44
163, 0.618103, 0, -1.44
164, 0.618103, 0.206034, -1.44
165, 0.618103, 0.412069, -1.44
166, 0.618103, 0.618103, -1.44
167, 0.618103, 0.824138, -1.44
168, 0.618103, 1.03017, -1.44
169, 0.824138, 0, -1.44
170, 0.824138, 0.206034, -1.44
171, 0.824138, 0.412069, -1.44
172, 0.824138, 0.618103, -1.44
173, 0.824138, 0.824138, -1.44
174, 0.824138, 1.03017, -1.44
175, 1.03017, 0, -1.44
176, 1.03017, 0.206034, -1.44
177, 1.03017, 0.412069, -1.44
178, 1.03017, 0.618103, -1.44
179, 1.03017, 0.824138, -1.44
180, 1.03017, 1.03017, -1.44
181, 0, 0, -1.8
182, 0, 0.206034, -1.8
183, 0, 0.412069, -1.8
184, 0, 0.618103, -1.8
185, 0, 0.824138, -1.8
186, 0, 1.03017, -1.8
187, 0.206034, 0, -1.8
188, 0.206034, 0.206034, -1.8
189, 0.206034, 0.412069, -1.8
190, 0.206034, 0.618103, -1.8
191, 0.206034, 0.824138, -1.8
192, 0.206034, 1.03017, -1.8
193, 0.412069, 0, -1.8
194, 0.412069, 0.206034, -1.8
195, 0.412069, 0.412069, -1.8
196, 0.412069, 0.618103, -1.8
197, 0.412069, 0.824138, -1.8
198, 0.412069, 1.03017, -1.8
199, 0.618103, 0, -1.8
200, 0.618103, 0.206034, -1.8
201, 0.618103, 0.412069, -1.8
202, 0.618103, 0.618103, -1.8
203, 0.618103, 0.824138, -1.8
204, 0.618103, 1.03017, -1.8
205, 0.824138, 0, -1.8
206, 0.824138, 0.206034, -1.8
207, 0.824138, 0.412069, -1.8
208, 0.824138, 0.618103, -1.8
209, 0.824138, 0.824138, -1.8
210, 0.824138, 1.03017, -1.8
211, 1.03017, 0, -1.8
212, 1.03017, 0.206034, -1.8
213, 1.03017, 0.412069, -1.8
214, 1.03017, 0.618103, -1.8
215, 1.03017, 0.824138, -1.8
216, 1.03017, 1.03017, -1.8
*Step  = 7
*Time  = 0.7
*Data  = ux;uy;uz
1, 0, 0, 0
2, 0, 0.246811, 0
3, 0, 0.493621, 0
4, 0, 0.740432, 0
5, 0, 0.987243, 0
6, 0, 1.23405, 0
7, 0.246811, 0, 0
8, 0.246811, 0.246811, 0
9, 0.246811, 0.493621, 0
10, 0.246811, 0.740432, 0
11, 0.246811, 0.987243, 0
12, 0.246811, 1.23405, 0
13, 0.493621, 0, 0
14, 0.493621, 0.246811, 0
15, 0.493621, 0.493621, 0
16, 0.493621, 0.740432, 0
17, 0.493621, 0.987243, 0
18, 0.493621, 1.23405, 0
19, 0.740432, 0, 0
20, 0.740432, 0.246811, 0
21, 0.740432, 0.493621, 0
22, 0.740432, 0.740432, 0
23, 0.740432, 0.987243, 0
24, 0.740432, 1.23405, 0
25, 0.987243, 0, 0
26, 0.987243, 0.246811, 0
27, 0.987243, 0.493621, 0
28, 0.987243, 0.740432, 0
29, 0.987243, 0.987243, 0
30, 0.987243, 1.23405, 0
31, 1.23405, 0, 0
32, 1.23405, 0.246811, 0
33, 1.23405, 0.493621, 0
34, 1.23405, 0.740432, 0
35, 1.23405, 0.987243, 0
36, 1.23405, 1.23405, 0
37, 0, 0, -0.42
38, 0, 0.246811, -0.42
39, 0, 0.493621, -0.42
40, 0, 0.740432, -0.42
41, 0, 0.987243, -0.42
42, 0, 1.23405, -0.42
43, 0.246811, 0, -0.42
44, 0.246811, 0.246811, -0.42
45, 0.246811, 0.493621, -0.42
46, 0.246811, 0.740432, -0.42
47, 0.246811, 0.987243, -0.42
48, 0.246811, 1.23405, -0.42
49, 0.493621, 0, -0.42
50, 0.493621, 0.246811, -0.42
51, 0.493621, 0.493621, -0.42
52, 0.493621, 0.740432, -0.42
53, 0.493621, 0.987243, -0.42
54, 0.493621, 1.23405, -0.42
55, 0.740432, 0, -0.42
56, 0.740432, 0.246811, -0.42
57, 0.740432, 0.493621, -0.42
58, 0.740432, 0.740432, -0.42
59, 0.740432, 0.987243, -0.42
60, 0.740432, 1.23405, -0.42
61, 0.987243, 0, -0.42
62, 0.987243, 0.246811, -0.42
63, 0.987243, 0.493621, -0.42
64, 0.987243, 0.740432, -0.42
65, 0.987243, 0.987243, -0.42
66, 0.987243, 1.23405, -0.42
67, 1.23405, 0, -0.42
68, 1.23405, 0.246811, -0.42
69, 1.23405, 0.493621, -0.42
70, 1.23405, 0.740432, -0.42
71, 1.23405, 0.987243, -0.42
72, 1.23405, 1.23405, -0.42
73, 0, 0, -0.84
74, 0, 0.246811, -0.84
75, 0, 0.493621, -0.84
76, 0, 0.740432, -0.84
77, 0, 0.987243, -0.84
78, 0, 1.23405, -0.84
79, 0.246811, 0, -0.84
80, 0.246811, 0.246811, -0.84
81, 0.246811, 0.493621, -0.84
82, 0.246811, 0.740432, -0.84
83, 0.246811, 0.987243, -0.84
84, 0.246811, 1.23405, -0.84
85, 0.493621, 0, -0.84
86, 0.493621, 0.246811, -0.84
87, 0.493621, 0.493621, -0.84
88, 0.493621, 0.740432, -0.84
89, 0.493621, 0.987243, -0.84
90, 0.493621, 1.23405, -0.84
91, 0.740432, 0, -0.84
92, 0.740432, 0.246811, -0.84
93, 0.740432, 0.493621, -0.84
94, 0.740432, 0.740432, -0.84
95, 0.740432, 0.987243, -0.84
96, 0.740432, 1.23405, -0.84
97, 0.987243, 0, -0.84
98, 0.987243, 0.246811, -0.84
99, 0.987243, 0.493621, -0.84
100, 0.987243, 0.740432, -0.84
101, 0.987243, 0.987243, -0.84
102, 0.987243, 1.23405, -0.84
103, 1.23405, 0, -0.84
104, 1.23405, 0.246811, -0.84
105, 1.23405, 0.493621, -0.84
106, 1.23405, 0.740432, -0.84
107, 1.23405, 0.987243, -0.84
108, 1.23405, 1.23405, -0.84
109, 0, 0, -1.26
110, 0, 0.246811, -1.26
111, 0, 0.493621, -1.26
112, 0, 0.740432, -1.26
113, 0, 0.987243, -1.26
114, 0, 1.23405, -1.26
115, 0.246811, 0, -1.26
116, 0.246811, 0.246811, -1.26
117, 0.246811, 0.493621, -1.26
118, 0.246811, 0.740432, -1.26
119, 0.246811, 0.987243, -1.26
120, 0.246811, 1.23405, -1.26
121, 0.493621, 0, -1.26
122, 0.493621, 0.246811, -1.26
123, 0.493621, 0.493621, -1.26
124, 0.493621, 0.740432, -1.26
125, 0.493621, 0.987243, -1.26
126, 0.493621, 1.23405, -1.26
127, 0.740432, 0, -1.26
128, 0.740432, 0.246811, -1.26
129, 0.740432, 0.493621, -1.26
130, 0.740432, 0.740432, -1.26
131, 0.740432, 0.987243, -1.26
132, 0.740432, 1.23405, -1.26
133, 0.987243, 0, -1.26
134, 0.987243, 0.246811, -1.26
135, 0.987243, 0.493621, -1.26
136, 0.987243, 0.740432, -1.26
137, 0.987243, 0.987243, -1.26
138, 0.987243, 1.23405, -1.26
139, 1.23405, 0, -1.26
140, 1.23405, 0.246811, -1.26
141, 1.23405, 0.493621, -1.26
142, 1.23405, 0.740432, -1.26
143, 1.23405, 0.987243, -1.26
144, 1.23405, 1.23405, -1.26
145, 0, 0, -1.68
146, 0, 0.246811, -1.68
147, 0, 0.493621, -1.68
148, 0, 0.740432, -1.68
149, 0, 0.987243, -1.68
150, 0, 1.23405, -1.68
151, 0.246811, 0, -1.68
152, 0.246811, 0.246811, -1.68
153, 0.246811, 0.493621, -1.68
154, 0.246811, 0.740432, -1.68
155, 0.246811, 0.987243, -1.68
156, 0.246811, 1.23405, -1.68
157, 0.493621, 0, -1.68
158, 0.493621, 0.246811, -1.68
159, 0.493621, 0.493621, -1.68
160, 0.493621, 0.740432, -1.68
161, 0.493621, 0.987243, -1.68
162, 0.493621, 1.23405, -1.68
163, 0.740432, 0, -1.68
164, 0.740432, 0.246811, -1.68
165, 0.740432, 0.493621, -1.68
166, 0.740432, 0.740432, -1.68
167, 0.740432, 0.987243, -1.68
168, 0.740432, 1.23405, -1.68
169, 0.987243, 0, -1.68
170, 0.987243, 0.246811, -1.68
171, 0.987243, 0.493621, -1.68
172, 0.987243, 0.740432, -1.68
173, 0.987243, 0.987243, -1.68
174, 0.987243, 1.23405, -1.68
175, 1.23405, 0, -1.68
176, 1.23405, 0.246811, -1.68
177, 1.23405, 0.493621, -1.68
178, 1.23405, 0.740432, -1.68
179, 1.23405, 0.987243, -1.68
180, 1.23405, 1.23405, -1.68
181, 0, 0, -2.1
182, 0, 0.246811, -2.1
183, 0, 0.493621, -2.1
184, 0, 0.740432, -2.1
185, 0, 0.987243, -2.1
186, 0, 1.23405, -2.1
187, 0.246811, 0, -2.1
188, 0.246811, 0.246811, -2.1
189, 0.246811, 0.493621, -2.1
190, 0.246811, 0.740432, -2.1
191, 0.246811, 0.987243, -2.1
192, 0.246811, 1.23405, -2.1
193, 0.493621, 0, -2.1
194, 0.493621, 0.246811, -2.1
195, 0.493621, 0.493621, -2.1
196, 0.493621, 0.740432, -2.1
197, 0.493621, 0.987243, -2.1
198, 0.493621, 1.23405, -2.1
199, 0.740432, 0, -2.1
200, 0.740432, 0.246811, -2.1
201, 0.740432, 0.493621, -2.1
202, 0.740432, 0.740432, -2.1
203, 0.740432, 0.987243, -2.1
204, 0.740432, 1.23405, -2.1
205, 0.987243, 0, -2.1
206, 0.987243, 0.246811, -2.1
207, 0.987243, 0.493621, -2.1
208, 0.987243, 0.740432, -2.1
209, 0.987243, 0.987243, -2.1
210, 0.987243, 1.23405, -2.1
211, 1.23405, 0, -2.1
212, 1.23405, 0.246811, -2.1
213, 1.23405, 0.493621, -2.1
214, 1.23405, 0.740432, -2.1
215, 1.23405, 0.987243, -2.1
216, 1.23405, 1.23405, -2.1
*Step  = 8
*Time  = 0.8
*Data  = ux;uy;uz
1, 0, 0, 0
2, 0, 0.289821, 0
3, 0, 0.579642, 0
4, 0, 0.869464, 0
5, 0, 1.15928, 0
6, 0, 1.44911, 0
7, 0.289821, 0, 0
8, 0.289821, 0.289821, 0
9, 0.289821, 0.579642, 0
10, 0.289821, 0.869464, 0
11, 0.289821, 1.15928, 0
12, 0.289821, 1.44911, 0
13, 0.579642, 0, 0
14, 0.579642, 0.289821, 0
15, 0.579642, 0.579642, 0
16, 0.579642, 0.869464, 0
17, 0.579642, 1.15928, 0
18, 0.579642, 1.44911, 0
19, 0.869464, 0, 0
20, 0.869464, 0.289821, 0
21, 0.869464, 0.579642, 0
22, 0.869464, 0.869464, 0
23, 0.869464, 1.15928, 0
24, 0.869464, 1.44911, 0
25, 1.15928, 0, 0
26, 1.15928, 0.289821, 0
27, 1.15928, 0.579642, 0
28, 1.15928, 0.869464, 0
29, 1.15928, 1.15928, 0
30, 1.15928, 1.44911, 0
31, 1.44911, 0, 0
32, 1.44911, 0.289821, 0
33, 1.44911, 0.579642, 0
34, 1.44911, 0.869464, 0
35, 1.44911, 1.15928, 0
36, 1.44911, 1.44911, 0
37, 0, 0, -0.48
38, 0, 0.289821, -0.48
39, 0, 0.579642, -0.48
40, 0, 0.869464, -0.48
41, 0, 1.15928, -0.48
42, 0, 1.44911, -0.48
43, 0.289821, 0, -0.48
44, 0.289821, 0.289821, -0.48
45, 0.289821, 0.579642, -0.48
46, 0.289821, 0.869464, -0.48
47, 0.289821, 1.15928, -0.48
48, 0.289821, 1.44911, -0.48
49, 0.579642, 0, -0.48
50, 0.579642, 0.289821, -0.48
51, 0.579642, 0.579642, -0.48
52, 0.579642, 0.869464, -0.48
53, 0.579642, 1.15928, -0.48
54, 0.579642, 1.44911, -0.48
55, 0.869464, 0, -0.48
56, 0.869464, 0.289821, -0.48
57, 0.869464, 0.579642, -0.48
58, 0.869464, 0.869464, -0.48
59, 0.869464, 1.15928, -0.48
60, 0.869464, 1.44911, -0.48
61, 1.15928, 0, -0.48
62, 1.15928, 0.289821, -0.48
63, 1.15928, 0.579642, -0.48
64, 1.15928, 0.869464, -0.48
65, 1.15928, 1.15928, -0.48
66, 1.15928, 1.44911, -0.48
67, 1.44911, 0, -0.48
68, 1.44911, 0.289821, -0.48
69, 1.44911, 0.579642, -0.48
70, 1.44911, 0.869464, -0.48
71, 1.44911, 1.15928, -0.48
72, 1.44911, 1.44911, -0.48
73, 0, 0, -0.96
74, 0, 0.289821, -0.96
75, 0, 0.579642, -0.96
76, 0, 0.869464, -0.96
77, 0, 1.15928, -0.96
78, 0, 1.44911, -0.96
79, 0.289821, 0, -0.96
80, 0.289821, 0.289821, -0.96
81, 0.289821, 0.579642, -0.96
82, 0.289821, 0.869464, -0.96
83, 0.289821, 1.15928, -0.96
84, 0.289821, 1.44911, -0.96
85, 0.579642, 0, -0.96
86, 0.579642, 0.289821, -0.96
87, 0.579642, 0.579642, -0.96
88, 0.579642, 0.869464, -0.96
89, 0.579642, 1.15928, -0.96
90, 0.579642, 1.44911, -0.96
91, 0.869464, 0, -0.96
92, 0.869464, 0.289821, -0.96
93, 0.869464, 0.579642, -0.96
94, 0.869464, 0.869464, -0.96
95, 0.869464, 1.15928, -0.96
96, 0.869464, 1.44911, -0.96
97, 1.15928, 0, -0.96
98, 1.15928, 0.289821, -0.96
99, 1.15928, 0.579642, -0.96
100, 1.15928, 0.869464, -0.96
101, 1.15928, 1.15928, -0.96
102, 1.15928, 1.44911, -0.96
103, 1.44911, 0, -0.96
104, 1.44911, 0.289821, -0.96
105, 1.44911, 0.579642, -0.96
106, 1.44911, 0.869464, -0.96
107, 1.44911, 1.15928, -0.96
108, 1.44911, 1.44911, -0.96
109, 0, 0, -1.44
110, 0, 0.289821, -1.44
111, 0, 0.579642, -1.44
112, 0, 0.869464, -1.44
113, 0, 1.15928, -1.44
114, 0, 1.44911, -1.44
115, 0.289821, 0, -1.44
116, 0.289821, 0.289821, -1.44
117, 0.289821, 0.579642, -1.44
118, 0.289821, 0.869464, -1.44
119, 0.289821, 1.15928, -1.44
120, 0.289821, 1.44911, -1.44
121, 0.579642, 0, -1.44
122, 0.579642, 0.289821, -1.44
123, 0.579642, 0.579642, -1.44
124, 0.579642, 0.869464, -1.44
125, 0.579642, 1.15928, -1.44
126, 0.579642, 1.44911, -1.44
127, 0.869464, 0, -1.44
128, 0.869464, 0.289821, -1.44
129, 0.869464, 0.579642, -1.44
130, 0.869464, 0.869464, -1.44
131, 0.869464, 1.15928, -1.44
132, 0.869464, 1.44911, -1.44
133, 1.15928, 0, -1.44
134, 1.15928, 0.289821, -1.44
135, 1.15928, 0.579642, -1.44
136, 1.15928, 0.869464, -1.44
137, 1.15928, 1.15928, -1.44
138, 1.15928, 1.44911, -1.44
139, 1.44911, 0, -1.44
140, 1.44911, 0.289821, -1.44
141, 1.44911, 0.579642, -1.44
142, 1.44911, 0.869464, -1.44
143, 1.44911, 1.15928, -1.44
144, 1.44911, 1.44911, -1.44
145, 0, 0, -1.92
146, 0, 0.289821, -1.92
147, 0, 0.579642, -1.92
148, 0, 0.869464, -1.92
149, 0, 1.15928, -1.92
150, 0, 1.44911, -1.92
151, 0.289821, 0, -1.92
152, 0.289821, 0.289821, -1.92
153, 0.289821, 0.579642, -1.92
154, 0.289821, 0.869464, -1.92
155, 0.289821, 1.15928, -1.92
156, 0.289821, 1.44911, -1.92
157, 0.579642, 0, -1.92
158, 0.579642, 0.289821, -1.92
159, 0.579642, 0.579642, -1.92
160, 0.579642, 0.869464, -1.92
161, 0.579642, 1.15928, -1.92
162, 0.579642, 1.44911, -1.92
163, 0.869464, 0, -1.92
164, 0.869464, 0.289821, -1.92
165, 0.869464, 0.579642, -1.92
166, 0.869464, 0.869464, -1.92
167, 0.869464, 1.15928, -1.92
168, 0.869464, 1.44911, -1.92
169, 1.15928, 0, -1.92
170, 1.15928, 0.289821, -1.92
171, 1.15928, 0.579642, -1.92
172, 1.15928, 0.869464, -1.92
173, 1.15928, 1.15928, -1.92
174, 1.15928, 1.44911, -1.92
175, 1.44911, 0, -1.92
176, 1.44911, 0.289821, -1.92
177, 1.44911, 0.579642, -1.92
178, 1.44911, 0.869464, -1.92
179, 1.44911, 1.15928, -1.92
180, 1.44911, 1.44911, -1.92
181, 0, 0, -2.4
182, 0, 0.289821, -2.4
183, 0, 0.579642, -2.4
184, 0, 0.869464, -2.4
185, 0, 1.15928, -2.4
186, 0, 1.44911, -2.4
187, 0.289821, 0, -2.4
188, 0.289821, 0.289821, -2.4
189, 0.289821, 0.579642, -2.4
190, 0.289821, 0.869464, -2.4
191, 0.289821, 1.15928, -2.4
192, 0.289821, 1.44911, -2.4
193, 0.579642, 0, -2.4
194, 0.579642, 0.289821, -2.4
195, 0.579642, 0.579642, -2.4
196, 0.579642, 0.869464, -2.4
197, 0.579642, 1.15928, -2.4
198, 0.579642, 1.44911, -2.4
199, 0.869464, 0, -2.4
200, 0.869464, 0.289821, -2.4
201, 0.869464, 0.579642, -2.4
202, 0.869464, 0.869464, -2.4
203, 0.869464, 1.15928, -2.4
204, 0.869464, 1.44911, -2.4
205, 1.15928, 0, -2.4
206, 1.15928, 0.289821, -2.4
207, 1.15928, 0.579642, -2.4
208, 1.15928, 0.869464, -2.4
209, 1.15928, 1.15928, -2.4
210, 1.15928, 1.44911, -2.4
211, 1.44911, 0, -2.4
212, 1.44911, 0.289821, -2.4
213, 1.44911, 0.579642, -2.4
214, 1.44911, 0.869464, -2.4
215, 1.44911, 1.15928, -2.4
216, 1.44911, 1.44911, -2.4
*Step  = 9
*Time  = 0.9
*Data  = ux;uy;uz
1, 0, 0, 0
2, 0, 0.335237, 0
3, 0, 0.670473, 0
4, 0, 1.00571, 0
5, 0, 1.34095, 0
6, 0, 1.67618, 0
7, 0.335237, 0, 0
8, 0.335237, 0.335237, 0
9, 0.335237, 0.670473, 0
10, 0.335237, 1.00571, 0
11, 0.335237, 1.34095, 0
12, 0.335237, 1.67618, 0
13, 0.670473, 0, 0
14, 0.670473, 0.335237, 0
15, 0.670473, 0.670473, 0
16, 0.670473, 1.00571, 0
17, 0.670473, 1.34095, 0
18, 0.670473, 1.67618, 0
19, 1.00571, 0, 0
20, 1.00571, 0.335237, 0
21, 1.00571, 0.670473, 0
22, 1.00571, 1.00571, 0
23, 1.00571, 1.34095, 0
24, 1.00571, 1.67618, 0
25, 1.34095, 0, 0
26, 1.34095, 0.335237, 0
27, 1.34095, 0.670473, 0
28, 1.34095, 1.00571, 0
29, 1.34095, 1.34095, 0
30, 1.34095, 1.67618, 0
31, 1.67618, 0, 0
32, 1.67618, 0.335237, 0
33, 1.67618, 0.670473, 0
34, 1.67618, 1.00571, 0
35, 1.67618, 1.34095, 0
36, 1.67618, 1.67618, 0
37, 0, 0, -0.54
38, 0, 0.335237, -0.54
39, 0, 0.670473, -0.54
40, 0, 1.00571, -0.54
41, 0, 1.34095, -0.54
42, 0, 1.67618, -0.54
43, 0.335237, 0, -0.54
44, 0.335237, 0.335237, -0.54
45, 0.335237, 0.670473, -0.54
46, 0.335237, 1.00571, -0.54
47, 0.335237, 1.34095, -0.54
48, 0.335237, 1.67618, -0.54
49, 0.670473, 0, -0.54
50, 0.670473, 0.335237, -0.54
51, 0.670473, 0.670473, -0.54
52, 0.670473, 1.00571, -0.54
53, 0.670473, 1.34095, -0.54
54, 0.670473, 1.67618, -0.54
55, 1.00571, 0, -0.54
56, 1.00571, 0.335237, -0.54
57, 1.00571, 0.670473, -0.54
58, 1.00571, 1.00571, -0.54
59, 1.00571, 1.34095, -0.54
60, 1.00571, 1.67618, -0.54
61, 1.34095, 0, -0.54
62, 1.34095, 0.335237, -0.54
63, 1.34095, 0.670473, -0.54
64, 1.34095, 1.00571, -0.54
65, 1.34095, 1.34095, -0.54
66, 1.34095, 1.67618, -0.54
67, 1.67618, 0, -0.54
68, 1.67618, 0.335237, -0.54
69, 1.67618, 0.670473, -0.54
70, 1.67618, 1.00571, -0.54
71, 1.67618, 1.34095, -0.54
72, 1.67618, 1.67618, -0.54
73, 0, 0, -1.08
74, 0, 0.335237, -1.08
75, 0, 0.670473, -1.08
76, 0, 1.00571, -1.08
77, 0, 1.34095, -1.08
78, 0, 1.67618, -1.08
79, 0.335237, 0, -1.08
80, 0.335237, 0.335237, -1.08
81, 0.335237, 0.670473, -1.08
82, 0.335237, 1.00571, -1.08
83, 0.335237, 1.34095, -1.08
84, 0.335237, 1.67618, -1.08
85, 0.670473, 0, -1.08
86, 0.670473, 0.335237, -1.08
87, 0.670473, 0.670473, -1.08
88, 0.670473, 1.00571, -1.08
89, 0.670473, 1.34095, -1.08
90, 0.670473, 1.67618, -1.08
91, 1.00571, 0, -1.08
92, 1.00571, 0.335237, -1.08
93, 1.00571, 0.670473, -1.08
94, 1.00571, 1.00571, -1.08
95, 1.00571, 1.34095, -1.08
96, 1.00571, 1.67618, -1.08
97, 1.34095, 0, -1.08
98, 1.34095, 0.335237, -1.08
99, 1.34095, 0.670473, -1.08
100, 1.34095, 1.00571, -1.08
101, 1.34095, 1.34095, -1.08
102, 1.34095, 1.67618, -1.08
103, 1.67618, 0, -1.08
104, 1.67618, 0.335237, -1.08
105, 1.67618, 0.670473, -1.08
106, 1.67618, 1.00571, -1.08
107, 1.67618, 1.34095, -1.08
108, 1.67618, 1.67618, -1.08
109, 0, 0, -1.62
110, 0, 0.335237, -1.62
111, 0, 0.670473, -1.62
112, 0, 1.00571, -1.62
113, 0, 1.34095, -1.62
114, 0, 1.67618, -1.62
115, 0.335237, 0, -1.62
116, 0.335237, 0.335237, -1.62
117, 0.335237, 0.670473, -1.62
118, 0.335237, 1.00571, -1.62
119, 0.335237, 1.34095, -1.62
120, 0.335237, 1.67618, -1.62
121, 0.670473, 0, -1.62
122, 0.670473, 0.335237, -1.62
123, 0.670473, 0.670473, -1.62
124, 0.670473, 1.00571, -1.62
125, 0.670473, 1.34095, -1.62
126, 0.670473, 1.67618, -1.62
127, 1.00571, 0, -1.62
128, 1.00571, 0.335237, -1.62
129, 1.00571, 0.670473, -1.62
130, 1.00571, 1.00571, -1.62
131, 1.00571, 1.34095, -1.62
132, 1.00571, 1.67618, -1.62
133, 1.34095, 0, -1.62
134, 1.34095, 0.335237, -1.62
135, 1.34095, 0.670473, -1.62
136, 1.34095, 1.00571, -1.62
137, 1.34095, 1.34095, -1.62
138, 1.34095, 1.67618, -1.62
139, 1.67618, 0, -1.62
140, 1.67618, 0.335237, -1.62
141, 1.67618, 0.670473, -1.62
142, 1.67618, 1.00571, -1.62
143, 1.67618, 1.34095, -1.62
144, 1.67618, 1.67618, -1.62
145, 0, 0, -2.16
146, 0, 0.335237, -2.16
147, 0, 0.670473, -2.16
148, 0, 1.00571, -2.16
149, 0, 1.34095, -2.16
150, 0, 1.67618, -2.16
151, 0.335237, 0, -2.16
152, 0.335237, 0.335237, -2.16
153, 0.335237, 0.670473, -2.16
154, 0.335237, 1.00571, -2.16
155, 0.335237, 1.34095, -2.16
156, 0.335237, 1.67618, -2.16
157, 0.670473, 0, -2.16
158, 0.670473, 0.335237, -2.16
159, 0.670473, 0.670473, -2.16
160, 0.670473, 1.00571, -2.16
161, 0.670473, 1.34095, -2.16
162, 0.670473, 1.67618, -2.16
163, 1.00571, 0, -2.16
164, 1.00571, 0.335237, -2.16
165, 1.00571, 0.670473, -2.16
166, 1.00571, 1.00571, -2.16
167, 1.00571, 1.34095, -2.16
168, 1.00571, 1.67618, -2.16
169, 1.34095, 0, -2.16
170, 1.34095, 0.335237, -2.16
171, 1.34095, 0.670473, -2.16
172, 1.34095, 1.00571, -2.16
173, 1.34095, 1.34095, -2.16
174, 1.34095, 1.67618, -2.16
175, 1.67618, 0, -2.16
176, 1.67618, 0.335237, -2.16
177, 1.67618, 0.670473, -2.16
178, 1.67618, 1.00571, -2.16
179, 1.67618, 1.34095, -2.16
180, 1.67618, 1.67618, -2.16
181, 0, 0, -2.7
182, 0, 0.335237, -2.7
183, 0, 0.670473, -2.7
184, 0, 1.00571, -2.7
185, 0, 1.34095, -2.7
186, 0, 1.67618, -2.7
187, 0.335237, 0, -2.7
188, 0.335237, 0.335237, -2.7
189, 0.335237, 0.670473, -2.7
190, 0.335237, 1.00571, -2.7
191, 0.335237, 1.34095, -2.7
192, 0.335237, 1.67618, -2.7
193, 0.670473, 0, -2.7
194, 0.670473, 0.335237, -2.7
195, 0.670473, 0.670473, -2.7
196, 0.670473, 1.00571, -2.7
197, 0.670473, 1.34095, -2.7
198, 0.670473, 1.67618, -2.7
199, 1.00571, 0, -2.7
200, 1.00571, 0.335237, -2.7
201, 1.00571, 0.670473, -2.7
202, 1.00571, 1.00571, -2.7
203, 1.00571, 1.34095, -2.7
204, 1.00571, 1.67618, -2.7
205, 1.34095, 0, -2.7
206, 1.34095, 0.335237, -2.7
207, 1.34095, 0.670473, -2.7
208, 1.34095, 1.00571, -2.7
209, 1.34095, 1.34095, -2.7
210, 1.34095, 1.67618, -2.7
211, 1.67618, 0, -2.7
212, 1.67618, 0.335237, -2.7
213, 1.67618, 0.670473, -2.7
214, 1.67618, 1.00571, -2.7
215, 1.67618, 1.34095, -2.7
216, 1.67618, 1.67618, -2.7
*Step  = 10
*Time  = 1
*Data  = ux;uy;uz
1, 0, 0, 0
2, 0, 0.383232, 0
3, 0, 0.766464, 0
4, 0, 1.1497, 0
5, 0, 1.53293, 0
6, 0, 1.91616, 0
7, 0.383232, 0, 0
8, 0.383232, 0.383232, 0
9, 0.383232, 0.766464, 0
10, 0.383232, 1.1497, 0
11, 0.383232, 1.53293, 0
12, 0.383232, 1.91616, 0
13, 0.766464, 0, 0
14, 0.766464, 0.383232, 0
15, 0.766464, 0.766464, 0
16, 0.766464, 1.1497, 0
17, 0.766464, 1.53293, 0
18, 0.766464, 1.91616, 0
19, 1.1497, 0, 0
20, 1.1497, 0.383232, 0
21, 1.1497, 0.766464, 0
22, 1.1497, 1.1497, 0
23, 1.1497, 1.53293, 0
24, 1.1497, 1.91616, 0
25, 1.53293, 0, 0
26, 1.53293, 0.383232, 0
27, 1.53293, 0.766464, 0
28, 1.53293, 1.1497, 0
29, 1.53293, 1.53293, 0
30, 1.53293, 1.91616, 0
31, 1.91616, 0, 0
32, 1.91616, 0.383232, 0
33, 1.91616, 0.766464, 0
34, 1.91616, 1.1497, 0
35, 1.91616, 1.53293, 0
36, 1.91616, 1.91616, 0
37, 0, 0, -0.6
38, 0, 0.383232, -0.6
39, 0, 0.766464, -0.6
40, 0, 1.1497, -0.6
41, 0, 1.53293, -0.6
42, 0, 1.91616, -0.6
43, 0.383232, 0, -0.6
44, 0.383232, 0.383232, -0.6
45, 0.383232, 0.766464, -0.6
46, 0.383232, 1.1497, -0.6
47, 0.383232, 1.53293, -0.6
48, 0.383232, 1.91616, -0.6
49, 0.766464, 0, -0.6
50, 0.766464, 0.383232, -0.6
51, 0.766464, 0.766464, -0.6
52, 0.766464, 1.1497, -0.6
53, 0.766464, 1.53293, -0.6
54, 0.766464, 1.91616, -0.6
55, 1.1497, 0, -0.6
56, 1.1497, 0.383232, -0.6
57, 1.1497, 0.766464, -0.6
58, 1.1497, 1.1497, -0.6
59, 1.1497, 1.53293, -0.6
60, 1.1497, 1.91616, -0.6
61, 1.53293, 0, -0.6
62, 1.53293, 0.383232, -0.6
63, 1.53293, 0.766464, -0.6
64, 1.53293, 1.1497, -0.6
65, 1.53293, 1.53293, -0.6
66, 1.53293, 1.91616, -0.6
67, 1.91616, 0, -0.6
68, 1.91616, 0.383232, -0.6
69, 1.91616, 0.766464, -0.6
70, 1.91616, 1.1497, -0.6
71, 1.91616, 1.53293, -0.6
72, 1.91616, 1.91616, -0.6
73, 0, 0, -1.2
74, 0, 0.383232, -1.2
75, 0, 0.766464, -1.2
76, 0, 1.1497, -1.2
77, 0, 1.53293, -1.2
78, 0, 1.91616, -1.2
79, 0.383232, 0, -1.2
80, 0.383232, 0.383232, -1.2
81, 0.383232, 0.766464, -1.2
82, 0.383232, 1.1497, -1.2
83, 0.383232, 1.53293, -1.2
84, 0.383232, 1.91616, -1.2
85, 0.766464, 0, -1.2
86, 0.766464, 0.383232, -1.2
87, 0.766464, 0.766464, -1.2
88, 0.766464, 1.1497, -1.2
89, 0.766464, 1.53293, -1.2
90, 0.766464, 1.91616, -1.2
91, 1.1497, 0, -1.2
92, 1.1497, 0.383232, -1.2
93, 1.1497, 0.766464, -1.2
94, 1.1497, 1.1497, -1.2
95, 1.1497, 1.53293, -1.2
96, 1.1497, 1.91616, -1.2
97, 1.53293, 0, -1.2
98, 1.53293, 0.383232, -1.2
99, 1.53293, 0.766464, -1.2
100, 1.53293, 1.1497, -1.2
101, 1.53293, 1.53293, -1.2
102, 1.53293, 1.91616, -1.2
103, 1.91616, 0, -1.2
104, 1.91616, 0.383232, -1.2
105, 1.91616, 0.766464, -1.2
106, 1.91616, 1.1497, -1.2
107, 1.91616, 1.53293, -1.2
108, 1.91616, 1.91616, -1.2
109, 0, 0, -1.8
110, 0, 0.383232, -1.8
111, 0, 0.766464, -1.8
112, 0, 1.1497, -1.8
113, 0, 1.53293, -1.8
114, 0, 1.91616, -1.8
115, 0.383232, 0, -1.8
116, 0.383232, 0.383232, -1.8
117, 0.383232, 0.766464, -1.8
118, 0.383232, 1.1497, -1.8
119, 0.383232, 1.53293, -1.8
120, 0.383232, 1.91616, -1.8
121, 0.766464, 0, -1.8
122, 0.766464, 0.383232, -1.8
123, 0.766464, 0.766464, -1.8
124, 0.766464, 1.1497, -1.8
125, 0.766464, 1.53293, -1.8
126, 0.766464, 1.91616, -1.8
127, 1.1497, 0, -1.8
128, 1.1497, 0.383232, -1.8
129, 1.1497, 0.766464, -1.8
130, 1.1497, 1.1497, -1.8
131, 1.1497, 1.53293, -1.8
132, 1.1497, 1.91616, -1.8
133, 1.53293, 0, -1.8
134, 1.53293, 0.383232, -1.8
135, 1.53293, 0.766464, -1.8
136, 1.53293, 1.1497, -1.8
137, 1.53293, 1.53293, -1.8
138, 1.53293, 1.91616, -1.8
139, 1.91616, 0, -1.8
140, 1.91616, 0.383232, -1.8
141, 1.91616, 0.766464, -1.8
142, 1.91616, 1.1497, -1.8
143, 1.91616, 1.53293, -1.8
144, 1.91616, 1.91616, -1.8
145, 0, 0, -2.4
146, 0, 0.383232, -2.4
147, 0, 0.766464, -2.4
148, 0, 1.1497, -2.4
149, 0, 1.53293, -2.4
150, 0, 1.91616, -2.4
151, 0.383232, 0, -2.4
152, 0.383232, 0.383232, -2.4
153, 0.383232, 0.766464, -2.4
154, 0.383232, 1.1497, -2.4
155, 0.383232, 1.53293, -2.4
156, 0.383232, 1.91616, -2.4
157, 0.766464, 0, -2.4
158, 0.766464, 0.383232, -2.4
159, 0.766464, 0.766464, -2.4
160, 0.766464, 1.1497, -2.4
161, 0.766464, 1.53293, -2.4
162, 0.766464, 1.91616, -2.4
163, 1.1497, 0, -2.4
164, 1.1497, 0.383232, -2.4
165, 1.1497, 0.766464, -2.4
166, 1.1497, 1.1497, -2.4
167, 1.1497, 1.53293, -2.4
168, 1.1497, 1.91616, -2.4
169, 1.53293, 0, -2.4
170, 1.53293, 0.383232, -2.4
171, 1.53293, 0.766464, -2.4
172, 1.53293, 1.1497, -2.4
173, 1.53293, 1.53293, -2.4
174, 1.53293, 1.91616, -2.4
175, 1.91616, 0, -2.4
176, 1.91616, 0.383232, -2.4
177, 1.91616, 0.766464, -2.4
178, 1.91616, 1.1497, -2.4
179, 1.91616, 1.53293, -2.4
180, 1.91616, 1.91616, -2.4
181, 0, 0, -3
182, 0, 0.383232, -3
183, 0, 0.766464, -3
184, 0, 1.1497, -3
185, 0, 1.53293, -3
186, 0, 1.91616, -3
187, 0.383232, 0, -3
188, 0.383232, 0.383232, -3
189, 0.383232, 0.766464, -3
190, 0.383232, 1.1497, -3
191, 0.383232, 1.53293, -3
192, 0.383232, 1.91616, -3
193, 0.766464, 0, -3
194, 0.766464, 0.383232, -3
195, 0.766464, 0.766464, -3
196, 0.766464, 1.1497, -3
197, 0.766464, 1.53293, -3
198, 0.766464, 1.91616, -3
199, 1.1497, 0, -3
200, 1.1497, 0.383232, -3
201, 1.1497, 0.766464, -3
202, 1.1497, 1.1497, -3
203, 1.1497, 1.53293, -3
204, 1.1497, 1.91616, -3
205, 1.53293, 0, -3
206, 1.53293, 0.383232, -3
207, 1.53293, 0.766464, -3
208, 1.53293, 1.1497, -3
209, 1.53293, 1.53293, -3
210, 1.53293, 1.91616, -3
211, 1.91616, 0, -3
212, 1.91616, 0.383232, -3
213, 1.91616, 0.766464, -3
214, 1.91616, 1.1497, -3
215, 1.91616, 1.53293, -3
216, 1.91616, 1.91616, -3
