*Title:
*Step  = 1
*Time  = 0.05
*Data  = sz
1, -1.41216e-05
2, -1.41216e-05
3, -1.41216e-05
4, -1.41216e-05
5, -1.41216e-05
6, -1.41216e-05
7, -1.41216e-05
8, -1.41216e-05
9, -1.41216e-05
10, -1.41216e-05
11, -1.41216e-05
12, -1.41216e-05
13, -1.41216e-05
14, -1.41216e-05
15, -1.41216e-05
16, -1.41216e-05
17, -1.41216e-05
18, -1.41216e-05
19, -1.41216e-05
20, -1.41216e-05
21, -1.41216e-05
22, -1.41216e-05
23, -1.41216e-05
24, -1.41216e-05
25, -1.41216e-05
26, -1.41216e-05
27, -1.41216e-05
28, -1.41216e-05
29, -1.41216e-05
30, -1.41216e-05
31, -1.41216e-05
32, -1.41216e-05
33, -1.41216e-05
34, -1.41216e-05
35, -1.41216e-05
36, -1.41216e-05
37, -1.41216e-05
38, -1.41216e-05
39, -1.41216e-05
40, -1.41216e-05
41, -1.41216e-05
42, -1.41216e-05
43, -1.41216e-05
44, -1.41216e-05
45, -1.41216e-05
46, -1.41216e-05
47, -1.41216e-05
48, -1.41216e-05
49, -1.41216e-05
50, -1.41216e-05
51, -1.41216e-05
52, -1.41216e-05
53, -1.41216e-05
54, -1.41216e-05
55, -1.41216e-05
56, -1.41216e-05
57, -1.41216e-05
58, -1.41216e-05
59, -1.41216e-05
60, -1.41216e-05
61, -1.41216e-05
62, -1.41216e-05
63, -1.41216e-05
64, -1.41216e-05
65, -1.41216e-05
66, -1.41216e-05
67, -1.41216e-05
68, -1.41216e-05
69, -1.41216e-05
70, -1.41216e-05
71, -1.41216e-05
72, -1.41216e-05
73, -1.41216e-05
74, -1.41216e-05
75, -1.41216e-05
76, -1.41216e-05
77, -1.41216e-05
78, -1.41216e-05
79, -1.41216e-05
80, -1.41216e-05
81, -1.41216e-05
82, -1.41216e-05
83, -1.41216e-05
84, -1.41216e-05
85, -1.41216e-05
86, -1.41216e-05
87, -1.41216e-05
88, -1.41216e-05
89, -1.41216e-05
90, -1.41216e-05
91, -1.41216e-05
92, -1.41216e-05
93, -1.41216e-05
94, -1.41216e-05
95, -1.41216e-05
96, -1.41216e-05
97, -1.41216e-05
98, -1.41216e-05
99, -1.41216e-05
100, -1.41216e-05
101, -1.41216e-05
102, -1.41216e-05
103, -1.41216e-05
104, -1.41216e-05
105, -1.41216e-05
106, -1.41216e-05
107, -1.41216e-05
108, -1.41216e-05
109, -1.41216e-05
110, -1.41216e-05
111, -1.41216e-05
112, -1.41216e-05
113, -1.41216e-05
114, -1.41216e-05
115, -1.41216e-05
116, -1.41216e-05
117, -1.41216e-05
118, -1.41216e-05
119, -1.41216e-05
120, -1.41216e-05
121, -1.41216e-05
122, -1.41216e-05
123, -1.41216e-05
124, -1.41216e-05
125, -1.41216e-05
*Step  = 2
*Time  = 0.1
*Data  = sz
1, -2.9188e-05
2, -2.9188e-05
3, -2.9188e-05
4, -2.9188e-05
5, -2.9188e-05
6, -2.9188e-05
7, -2.9188e-05
8, -2.9188e-05
9, -2.9188e-05
10, -2.9188e-05
11, -2.9188e-05
12, -2.9188e-05
13, -2.9188e-05
14, -2.9188e-05
15, -2.9188e-05
16, -2.9188e-05
17, -2.9188e-05
18, -2.9188e-05
19, -2.9188e-05
20, -2.9188e-05
21, -2.9188e-05
22, -2.9188e-05
23, -2.9188e-05
24, -2.9188e-05
25, -2.9188e-05
26, -2.9188e-05
27, -2.9188e-05
28, -2.9188e-05
29, -2.9188e-05
30, -2.9188e-05
31, -2.9188e-05
32, -2.9188e-05
33, -2.9188e-05
34, -2.9188e-05
35, -2.9188e-05
36, -2.9188e-05
37, -2.9188e-05
38, -2.9188e-05
39, -2.9188e-05
40, -2.9188e-05
41, -2.9188e-05
42, -2.9188e-05
43, -2.9188e-05
44, -2.9188e-05
45, -2.9188e-05
46, -2.9188e-05
47, -2.9188e-05
48, -2.9188e-05
49, -2.9188e-05
50, -2.9188e-05
51, -2.9188e-05
52, -2.9188e-05
53, -2.9188e-05
54, -2.9188e-05
55, -2.9188e-05
56, -2.9188e-05
57, -2.9188e-05
58, -2.9188e-05
59, -2.9188e-05
60, -2.9188e-05
61, -2.9188e-05
62, -2.9188e-05
63, -2.9188e-05
64, -2.9188e-05
65, -2.9188e-05
66, -2.9188e-05
67, -2.9188e-05
68, -2.9188e-05
69, -2.9188e-05
70, -2.9188e-05
71, -2.9188e-05
72, -2.9188e-05
73, -2.9188e-05
74, -2.9188e-05
75, -2.9188e-05
76, -2.9188e-05
77, -2.9188e-05
78, -2.9188e-05
79, -2.9188e-05
80, -2.9188e-05
81, -2.9188e-05
82, -2.9188e-05
83, -2.9188e-05
84, -2.9188e-05
85, -2.9188e-05
86, -2.9188e-05
87, -2.9188e-05
88, -2.9188e-05
89, -2.9188e-05
90, -2.9188e-05
91, -2.9188e-05
92, -2.9188e-05
93, -2.9188e-05
94, -2.9188e-05
95, -2.9188e-05
96, -2.9188e-05
97, -2.9188e-05
98, -2.9188e-05
99, -2.9188e-05
100, -2.9188e-05
101, -2.9188e-05
102, -2.9188e-05
103, -2.9188e-05
104, -2.9188e-05
105, -2.9188e-05
106, -2.9188e-05
107, -2.9188e-05
108, -2.9188e-05
109, -2.9188e-05
110, -2.9188e-05
111, -2.9188e-05
112, -2.9188e-05
113, -2.9188e-05
114, -2.9188e-05
115, -2.9188e-05
116, -2.9188e-05
117, -2.9188e-05
118, -2.9188e-05
119, -2.9188e-05
120, -2.9188e-05
121, -2.9188e-05
122, -2.9188e-05
123, -2.9188e-05
124, -2.9188e-05
125, -2.9188e-05
*Step  = 3
*Time  = 0.15
*Data  = sz
1, -4.5367e-05
2, -4.5367e-05
3, -4.5367e-05
4, -4.5367e-05
5, -4.5367e-05
6, -4.5367e-05
7, -4.5367e-05
8, -4.5367e-05
9, -4.5367e-05
10, -4.5367e-05
11, -4.5367e-05
12, -4.5367e-05
13, -4.5367e-05
14, -4.5367e-05
15, -4.5367e-05
16, -4.5367e-05
17, -4.5367e-05
18, -4.5367e-05
19, -4.5367e-05
20, -4.5367e-05
21, -4.5367e-05
22, -4.5367e-05
23, -4.5367e-05
24, -4.5367e-05
25, -4.5367e-05
26, -4.5367e-05
27, -4.5367e-05
28, -4.5367e-05
29, -4.5367e-05
30, -4.5367e-05
31, -4.5367e-05
32, -4.5367e-05
33, -4.5367e-05
34, -4.5367e-05
35, -4.5367e-05
36, -4.5367e-05
37, -4.5367e-05
38, -4.5367e-05
39, -4.5367e-05
40, -4.5367e-05
41, -4.5367e-05
42, -4.5367e-05
43, -4.5367e-05
44, -4.5367e-05
45, -4.5367e-05
46, -4.5367e-05
47, -4.5367e-05
48, -4.5367e-05
49, -4.5367e-05
50, -4.5367e-05
51, -4.5367e-05
52, -4.5367e-05
53, -4.5367e-05
54, -4.5367e-05
55, -4.5367e-05
56, -4.5367e-05
57, -4.5367e-05
58, -4.5367e-05
59, -4.5367e-05
60, -4.5367e-05
61, -4.5367e-05
62, -4.5367e-05
63, -4.5367e-05
64, -4.5367e-05
65, -4.5367e-05
66, -4.5367e-05
67, -4.5367e-05
68, -4.5367e-05
69, -4.5367e-05
70, -4.5367e-05
71, -4.5367e-05
72, -4.5367e-05
73, -4.5367e-05
74, -4.5367e-05
75, -4.5367e-05
76, -4.5367e-05
77, -4.5367e-05
78, -4.5367e-05
79, -4.5367e-05
80, -4.5367e-05
81, -4.5367e-05
82, -4.5367e-05
83, -4.5367e-05
84, -4.5367e-05
85, -4.5367e-05
86, -4.5367e-05
87, -4.5367e-05
88, -4.5367e-05
89, -4.5367e-05
90, -4.5367e-05
91, -4.5367e-05
92, -4.5367e-05
93, -4.5367e-05
94, -4.5367e-05
95, -4.5367e-05
96, -4.5367e-05
97, -4.5367e-05
98, -4.5367e-05
99, -4.5367e-05
100, -4.5367e-05
101, -4.5367e-05
102, -4.5367e-05
103, -4.5367e-05
104, -4.5367e-05
105, -4.5367e-05
106, -4.5367e-05
107, -4.5367e-05
108, -4.5367e-05
109, -4.5367e-05
110, -4.5367e-05
111, -4.5367e-05
112, -4.5367e-05
113, -4.5367e-05
114, -4.5367e-05
115, -4.5367e-05
116, -4.5367e-05
117, -4.5367e-05
118, -4.5367e-05
119, -4.5367e-05
120, -4.5367e-05
121, -4.5367e-05
122, -4.5367e-05
123, -4.5367e-05
124, -4.5367e-05
125, -4.5367e-05
*Step  = 4
*Time  = 0.2
*Data  = sz
1, -6.28103e-05
2, -6.28103e-05
3, -6.28103e-05
4, -6.28103e-05
5, -6.28103e-05
6, -6.28103e-05
7, -6.28103e-05
8, -6.28103e-05
9, -6.28103e-05
10, -6.28103e-05
11, -6.28103e-05
12, -6.28103e-05
13, -6.28103e-05
14, -6.28103e-05
15, -6.28103e-05
16, -6.28103e-05
17, -6.28103e-05
18, -6.28103e-05
19, -6.28103e-05
20, -6.28103e-05
21, -6.28103e-05
22, -6.28103e-05
23, -6.28103e-05
24, -6.28103e-05
25, -6.28103e-05
26, -6.28103e-05
27, -6.28103e-05
28, -6.28103e-05
29, -6.28103e-05
30, -6.28103e-05
31, -6.28103e-05
32, -6.28103e-05
33, -6.28103e-05
34, -6.28103e-05
35, -6.28103e-05
36, -6.28103e-05
37, -6.28103e-05
38, -6.28103e-05
39, -6.28103e-05
40, -6.28103e-05
41, -6.28103e-05
42, -6.28103e-05
43, -6.28103e-05
44, -6.28103e-05
45, -6.28103e-05
46, -6.28103e-05
47, -6.28103e-05
48, -6.28103e-05
49, -6.28103e-05
50, -6.28103e-05
51, -6.28103e-05
52, -6.28103e-05
53, -6.28103e-05
54, -6.28103e-05
55, -6.28103e-05
56, -6.28103e-05
57, -6.28103e-05
58, -6.28103e-05
59, -6.28103e-05
60, -6.28103e-05
61, -6.28103e-05
62, -6.28103e-05
63, -6.28103e-05
64, -6.28103e-05
65, -6.28103e-05
66, -6.28103e-05
67, -6.28103e-05
68, -6.28103e-05
69, -6.28103e-05
70, -6.28103e-05
71, -6.28103e-05
72, -6.28103e-05
73, -6.28103e-05
74, -6.28103e-05
75, -6.28103e-05
76, -6.28103e-05
77, -6.28103e-05
78, -6.28103e-05
79, -6.28103e-05
80, -6.28103e-05
81, -6.28103e-05
82, -6.28103e-05
83, -6.28103e-05
84, -6.28103e-05
85, -6.28103e-05
86, -6.28103e-05
87, -6.28103e-05
88, -6.28103e-05
89, -6.28103e-05
90, -6.28103e-05
91, -6.28103e-05
92, -6.28103e-05
93, -6.28103e-05
94, -6.28103e-05
95, -6.28103e-05
96, -6.28103e-05
97, -6.28103e-05
98, -6.28103e-05
99, -6.28103e-05
100, -6.28103e-05
101, -6.28103e-05
102, -6.28103e-05
103, -6.28103e-05
104, -6.28103e-05
105, -6.28103e-05
106, -6.28103e-05
107, -6.28103e-05
108, -6.28103e-05
109, -6.28103e-05
110, -6.28103e-05
111, -6.28103e-05
112, -6.28103e-05
113, -6.28103e-05
114, -6.28103e-05
115, -6.28103e-05
116, -6.28103e-05
117, -6.28103e-05
118, -6.28103e-05
119, -6.28103e-05
120, -6.28103e-05
121, -6.28103e-05
122, -6.28103e-05
123, -6.28103e-05
124, -6.28103e-05
125, -6.28103e-05
*Step  = 5
*Time  = 0.25
*Data  = sz
1, -8.17077e-05
2, -8.17077e-05
3, -8.17077e-05
4, -8.17077e-05
5, -8.17077e-05
6, -8.17077e-05
7, -8.17077e-05
8, -8.17077e-05
9, -8.17077e-05
10, -8.17077e-05
11, -8.17077e-05
12, -8.17077e-05
13, -8.17077e-05
14, -8.17077e-05
15, -8.17077e-05
16, -8.17077e-05
17, -8.17077e-05
18, -8.17077e-05
19, -8.17077e-05
20, -8.17077e-05
21, -8.17077e-05
22, -8.17077e-05
23, -8.17077e-05
24, -8.17077e-05
25, -8.17077e-05
26, -8.17077e-05
27, -8.17077e-05
28, -8.17077e-05
29, -8.17077e-05
30, -8.17077e-05
31, -8.17077e-05
32, -8.17077e-05
33, -8.17077e-05
34, -8.17077e-05
35, -8.17077e-05
36, -8.17077e-05
37, -8.17077e-05
38, -8.17077e-05
39, -8.17077e-05
40, -8.17077e-05
41, -8.17077e-05
42, -8.17077e-05
43, -8.17077e-05
44, -8.17077e-05
45, -8.17077e-05
46, -8.17077e-05
47, -8.17077e-05
48, -8.17077e-05
49, -8.17077e-05
50, -8.17077e-05
51, -8.17077e-05
52, -8.17077e-05
53, -8.17077e-05
54, -8.17077e-05
55, -8.17077e-05
56, -8.17077e-05
57, -8.17077e-05
58, -8.17077e-05
59, -8.17077e-05
60, -8.17077e-05
61, -8.17077e-05
62, -8.17077e-05
63, -8.17077e-05
64, -8.17077e-05
65, -8.17077e-05
66, -8.17077e-05
67, -8.17077e-05
68, -8.17077e-05
69, -8.17077e-05
70, -8.17077e-05
71, -8.17077e-05
72, -8.17077e-05
73, -8.17077e-05
74, -8.17077e-05
75, -8.17077e-05
76, -8.17077e-05
77, -8.17077e-05
78, -8.17077e-05
79, -8.17077e-05
80, -8.17077e-05
81, -8.17077e-05
82, -8.17077e-05
83, -8.17077e-05
84, -8.17077e-05
85, -8.17077e-05
86, -8.17077e-05
87, -8.17077e-05
88, -8.17077e-05
89, -8.17077e-05
90, -8.17077e-05
91, -8.17077e-05
92, -8.17077e-05
93, -8.17077e-05
94, -8.17077e-05
95, -8.17077e-05
96, -8.17077e-05
97, -8.17077e-05
98, -8.17077e-05
99, -8.17077e-05
100, -8.17077e-05
101, -8.17077e-05
102, -8.17077e-05
103, -8.17077e-05
104, -8.17077e-05
105, -8.17077e-05
106, -8.17077e-05
107, -8.17077e-05
108, -8.17077e-05
109, -8.17077e-05
110, -8.17077e-05
111, -8.17077e-05
112, -8.17077e-05
113, -8.17077e-05
114, -8.17077e-05
115, -8.17077e-05
116, -8.17077e-05
117, -8.17077e-05
118, -8.17077e-05
119, -8.17077e-05
120, -8.17077e-05
121, -8.17077e-05
122, -8.17077e-05
123, -8.17077e-05
124, -8.17077e-05
125, -8.17077e-05
*Step  = 6
*Time  = 0.3
*Data  = sz
1, -0.0001023
2, -0.0001023
3, -0.0001023
4, -0.0001023
5, -0.0001023
6, -0.0001023
7, -0.0001023
8, -0.0001023
9, -0.0001023
10, -0.0001023
11, -0.0001023
12, -0.0001023
13, -0.0001023
14, -0.0001023
15, -0.0001023
16, -0.0001023
17, -0.0001023
18, -0.0001023
19, -0.0001023
20, -0.0001023
21, -0.0001023
22, -0.0001023
23, -0.0001023
24, -0.0001023
25, -0.0001023
26, -0.0001023
27, -0.0001023
28, -0.0001023
29, -0.0001023
30, -0.0001023
31, -0.0001023
32, -0.0001023
33, -0.0001023
34, -0.0001023
35, -0.0001023
36, -0.0001023
37, -0.0001023
38, -0.0001023
39, -0.0001023
40, -0.0001023
41, -0.0001023
42, -0.0001023
43, -0.0001023
44, -0.0001023
45, -0.0001023
46, -0.0001023
47, -0.0001023
48, -0.0001023
49, -0.0001023
50, -0.0001023
51, -0.0001023
52, -0.0001023
53, -0.0001023
54, -0.0001023
55, -0.0001023
56, -0.0001023
57, -0.0001023
58, -0.0001023
59, -0.0001023
60, -0.0001023
61, -0.0001023
62, -0.0001023
63, -0.0001023
64, -0.0001023
65, -0.0001023
66, -0.0001023
67, -0.0001023
68, -0.0001023
69, -0.0001023
70, -0.0001023
71, -0.0001023
72, -0.0001023
73, -0.0001023
74, -0.0001023
75, -0.0001023
76, -0.0001023
77, -0.0001023
78, -0.0001023
79, -0.0001023
80, -0.0001023
81, -0.0001023
82, -0.0001023
83, -0.0001023
84, -0.0001023
85, -0.0001023
86, -0.0001023
87, -0.0001023
88, -0.0001023
89, -0.0001023
90, -0.0001023
91, -0.0001023
92, -0.0001023
93, -0.0001023
94, -0.0001023
95, -0.0001023
96, -0.0001023
97, -0.0001023
98, -0.0001023
99, -0.0001023
100, -0.0001023
101, -0.0001023
102, -0.0001023
103, -0.0001023
104, -0.0001023
105, -0.0001023
106, -0.0001023
107, -0.0001023
108, -0.0001023
109, -0.0001023
110, -0.0001023
111, -0.0001023
112, -0.0001023
113, -0.0001023
114, -0.0001023
115, -0.0001023
116, -0.0001023
117, -0.0001023
118, -0.0001023
119, -0.0001023
120, -0.0001023
121, -0.0001023
122, -0.0001023
123, -0.0001023
124, -0.0001023
125, -0.0001023
*Step  = 7
*Time  = 0.35
*Data  = sz
1, -0.000124885
2, -0.000124885
3, -0.000124885
4, -0.000124885
5, -0.000124885
6, -0.000124885
7, -0.000124885
8, -0.000124885
9, -0.000124885
10, -0.000124885
11, -0.000124885
12, -0.000124885
13, -0.000124885
14, -0.000124885
15, -0.000124885
16, -0.000124885
17, -0.000124885
18, -0.000124885
19, -0.000124885
20, -0.000124885
21, -0.000124885
22, -0.000124885
23, -0.000124885
24, -0.000124885
25, -0.000124885
26, -0.000124885
27, -0.000124885
28, -0.000124885
29, -0.000124885
30, -0.000124885
31, -0.000124885
32, -0.000124885
33, -0.000124885
34, -0.000124885
35, -0.000124885
36, -0.000124885
37, -0.000124885
38, -0.000124885
39, -0.000124885
40, -0.000124885
41, -0.000124885
42, -0.000124885
43, -0.000124885
44, -0.000124885
45, -0.000124885
46, -0.000124885
47, -0.000124885
48, -0.000124885
49, -0.000124885
50, -0.000124885
51, -0.000124885
52, -0.000124885
53, -0.000124885
54, -0.000124885
55, -0.000124885
56, -0.000124885
57, -0.000124885
58, -0.000124885
59, -0.000124885
60, -0.000124885
61, -0.000124885
62, -0.000124885
63, -0.000124885
64, -0.000124885
65, -0.000124885
66, -0.000124885
67, -0.000124885
68, -0.000124885
69, -0.000124885
70, -0.000124885
71, -0.000124885
72, -0.000124885
73, -0.000124885
74, -0.000124885
75, -0.000124885
76, -0.000124885
77, -0.000124885
78, -0.000124885
79, -0.000124885
80, -0.000124885
81, -0.000124885
82, -0.000124885
83, -0.000124885
84, -0.000124885
85, -0.000124885
86, -0.000124885
87, -0.000124885
88, -0.000124885
89, -0.000124885
90, -0.000124885
91, -0.000124885
92, -0.000124885
93, -0.000124885
94, -0.000124885
95, -0.000124885
96, -0.000124885
97, -0.000124885
98, -0.000124885
99, -0.000124885
100, -0.000124885
101, -0.000124885
102, -0.000124885
103, -0.000124885
104, -0.000124885
105, -0.000124885
106, -0.000124885
107, -0.000124885
108, -0.000124885
109, -0.000124885
110, -0.000124885
111, -0.000124885
112, -0.000124885
113, -0.000124885
114, -0.000124885
115, -0.000124885
116, -0.000124885
117, -0.000124885
118, -0.000124885
119, -0.000124885
120, -0.000124885
121, -0.000124885
122, -0.000124885
123, -0.000124885
124, -0.000124885
125, -0.000124885
*Step  = 8
*Time  = 0.4
*Data  = sz
1, -0.000149823
2, -0.000149823
3, -0.000149823
4, -0.000149823
5, -0.000149823
6, -0.000149823
7, -0.000149823
8, -0.000149823
9, -0.000149823
10, -0.000149823
11, -0.000149823
12, -0.000149823
13, -0.000149823
14, -0.000149823
15, -0.000149823
16, -0.000149823
17, -0.000149823
18, -0.000149823
19, -0.000149823
20, -0.000149823
21, -0.000149823
22, -0.000149823
23, -0.000149823
24, -0.000149823
25, -0.000149823
26, -0.000149823
27, -0.000149823
28, -0.000149823
29, -0.000149823
30, -0.000149823
31, -0.000149823
32, -0.000149823
33, -0.000149823
34, -0.000149823
35, -0.000149823
36, -0.000149823
37, -0.000149823
38, -0.000149823
39, -0.000149823
40, -0.000149823
41, -0.000149823
42, -0.000149823
43, -0.000149823
44, -0.000149823
45, -0.000149823
46, -0.000149823
47, -0.000149823
48, -0.000149823
49, -0.000149823
50, -0.000149823
51, -0.000149823
52, -0.000149823
53, -0.000149823
54, -0.000149823
55, -0.000149823
56, -0.000149823
57, -0.000149823
58, -0.000149823
59, -0.000149823
60, -0.000149823
61, -0.000149823
62, -0.000149823
63, -0.000149823
64, -0.000149823
65, -0.000149823
66, -0.000149823
67, -0.000149823
68, -0.000149823
69, -0.000149823
70, -0.000149823
71, -0.000149823
72, -0.000149823
73, -0.000149823
74, -0.000149823
75, -0.000149823
76, -0.000149823
77, -0.000149823
78, -0.000149823
79, -0.000149823
80, -0.000149823
81, -0.000149823
82, -0.000149823
83, -0.000149823
84, -0.000149823
85, -0.000149823
86, -0.000149823
87, -0.000149823
88, -0.000149823
89, -0.000149823
90, -0.000149823
91, -0.000149823
92, -0.000149823
93, -0.000149823
94, -0.000149823
95, -0.000149823
96, -0.000149823
97, -0.000149823
98, -0.000149823
99, -0.000149823
100, -0.000149823
101, -0.000149823
102, -0.000149823
103, -0.000149823
104, -0.000149823
105, -0.000149823
106, -0.000149823
107, -0.000149823
108, -0.000149823
109, -0.000149823
110, -0.000149823
111, -0.000149823
112, -0.000149823
113, -0.000149823
114, -0.000149823
115, -0.000149823
116, -0.000149823
117, -0.000149823
118, -0.000149823
119, -0.000149823
120, -0.000149823
121, -0.000149823
122, -0.000149823
123, -0.000149823
124, -0.000149823
125, -0.000149823
*Step  = 9
*Time  = 0.45
*Data  = sz
1, -0.00017754
2, -0.00017754
3, -0.00017754
4, -0.00017754
5, -0.00017754
6, -0.00017754
7, -0.00017754
8, -0.00017754
9, -0.00017754
10, -0.00017754
11, -0.00017754
12, -0.00017754
13, -0.00017754
14, -0.00017754
15, -0.00017754
16, -0.00017754
17, -0.00017754
18, -0.00017754
19, -0.00017754
20, -0.00017754
21, -0.00017754
22, -0.00017754
23, -0.00017754
24, -0.00017754
25, -0.00017754
26, -0.00017754
27, -0.00017754
28, -0.00017754
29, -0.00017754
30, -0.00017754
31, -0.00017754
32, -0.00017754
33, -0.00017754
34, -0.00017754
35, -0.00017754
36, -0.00017754
37, -0.00017754
38, -0.00017754
39, -0.00017754
40, -0.00017754
41, -0.00017754
42, -0.00017754
43, -0.00017754
44, -0.00017754
45, -0.00017754
46, -0.00017754
47, -0.00017754
48, -0.00017754
49, -0.00017754
50, -0.00017754
51, -0.00017754
52, -0.00017754
53, -0.00017754
54, -0.00017754
55, -0.00017754
56, -0.00017754
57, -0.00017754
58, -0.00017754
59, -0.00017754
60, -0.00017754
61, -0.00017754
62, -0.00017754
63, -0.00017754
64, -0.00017754
65, -0.00017754
66, -0.00017754
67, -0.00017754
68, -0.00017754
69, -0.00017754
70, -0.00017754
71, -0.00017754
72, -0.00017754
73, -0.00017754
74, -0.00017754
75, -0.00017754
76, -0.00017754
77, -0.00017754
78, -0.00017754
79, -0.00017754
80, -0.00017754
81, -0.00017754
82, -0.00017754
83, -0.00017754
84, -0.00017754
85, -0.00017754
86, -0.00017754
87, -0.00017754
88, -0.00017754
89, -0.00017754
90, -0.00017754
91, -0.00017754
92, -0.00017754
93, -0.00017754
94, -0.00017754
95, -0.00017754
96, -0.00017754
97, -0.00017754
98, -0.00017754
99, -0.00017754
100, -0.00017754
101, -0.00017754
102, -0.00017754
103, -0.00017754
104, -0.00017754
105, -0.00017754
106, -0.00017754
107, -0.00017754
108, -0.00017754
109, -0.00017754
110, -0.00017754
111, -0.00017754
112, -0.00017754
113, -0.00017754
114, -0.00017754
115, -0.00017754
116, -0.00017754
117, -0.00017754
118, -0.00017754
119, -0.00017754
120, -0.00017754
121, -0.00017754
122, -0.00017754
123, -0.00017754
124, -0.00017754
125, -0.00017754
*Step  = 10
*Time  = 0.5
*Data  = sz
1, -0.000208541
2, -0.000208541
3, -0.000208541
4, -0.000208541
5, -0.000208541
6, -0.000208541
7, -0.000208541
8, -0.000208541
9, -0.000208541
10, -0.000208541
11, -0.000208541
12, -0.000208541
13, -0.000208541
14, -0.000208541
15, -0.000208541
16, -0.000208541
17, -0.000208541
18, -0.000208541
19, -0.000208541
20, -0.000208541
21, -0.000208541
22, -0.000208541
23, -0.000208541
24, -0.000208541
25, -0.000208541
26, -0.000208541
27, -0.000208541
28, -0.000208541
29, -0.000208541
30, -0.000208541
31, -0.000208541
32, -0.000208541
33, -0.000208541
34, -0.000208541
35, -0.000208541
36, -0.000208541
37, -0.000208541
38, -0.000208541
39, -0.000208541
40, -0.000208541
41, -0.000208541
42, -0.000208541
43, -0.000208541
44, -0.000208541
45, -0.000208541
46, -0.000208541
47, -0.000208541
48, -0.000208541
49, -0.000208541
50, -0.000208541
51, -0.000208541
52, -0.000208541
53, -0.000208541
54, -0.000208541
55, -0.000208541
56, -0.000208541
57, -0.000208541
58, -0.000208541
59, -0.000208541
60, -0.000208541
61, -0.000208541
62, -0.000208541
63, -0.000208541
64, -0.000208541
65, -0.000208541
66, -0.000208541
67, -0.000208541
68, -0.000208541
69, -0.000208541
70, -0.000208541
71, -0.000208541
72, -0.000208541
73, -0.000208541
74, -0.000208541
75, -0.000208541
76, -0.000208541
77, -0.000208541
78, -0.000208541
79, -0.000208541
80, -0.000208541
81, -0.000208541
82, -0.000208541
83, -0.000208541
84, -0.000208541
85, -0.000208541
86, -0.000208541
87, -0.000208541
88, -0.000208541
89, -0.000208541
90, -0.000208541
91, -0.000208541
92, -0.000208541
93, -0.000208541
94, -0.000208541
95, -0.000208541
96, -0.000208541
97, -0.000208541
98, -0.000208541
99, -0.000208541
100, -0.000208541
101, -0.000208541
102, -0.000208541
103, -0.000208541
104, -0.000208541
105, -0.000208541
106, -0.000208541
107, -0.000208541
108, -0.000208541
109, -0.000208541
110, -0.000208541
111, -0.000208541
112, -0.000208541
113, -0.000208541
114, -0.000208541
115, -0.000208541
116, -0.000208541
117, -0.000208541
118, -0.000208541
119, -0.000208541
120, -0.000208541
121, -0.000208541
122, -0.000208541
123, -0.000208541
124, -0.000208541
125, -0.000208541
*Step  = 11
*Time  = 0.55
*Data  = sz
1, -0.000243416
2, -0.000243416
3, -0.000243416
4, -0.000243416
5, -0.000243416
6, -0.000243416
7, -0.000243416
8, -0.000243416
9, -0.000243416
10, -0.000243416
11, -0.000243416
12, -0.000243416
13, -0.000243416
14, -0.000243416
15, -0.000243416
16, -0.000243416
17, -0.000243416
18, -0.000243416
19, -0.000243416
20, -0.000243416
21, -0.000243416
22, -0.000243416
23, -0.000243416
24, -0.000243416
25, -0.000243416
26, -0.000243416
27, -0.000243416
28, -0.000243416
29, -0.000243416
30, -0.000243416
31, -0.000243416
32, -0.000243416
33, -0.000243416
34, -0.000243416
35, -0.000243416
36, -0.000243416
37, -0.000243416
38, -0.000243416
39, -0.000243416
40, -0.000243416
41, -0.000243416
42, -0.000243416
43, -0.000243416
44, -0.000243416
45, -0.000243416
46, -0.000243416
47, -0.000243416
48, -0.000243416
49, -0.000243416
50, -0.000243416
51, -0.000243416
52, -0.000243416
53, -0.000243416
54, -0.000243416
55, -0.000243416
56, -0.000243416
57, -0.000243416
58, -0.000243416
59, -0.000243416
60, -0.000243416
61, -0.000243416
62, -0.000243416
63, -0.000243416
64, -0.000243416
65, -0.000243416
66, -0.000243416
67, -0.000243416
68, -0.000243416
69, -0.000243416
70, -0.000243416
71, -0.000243416
72, -0.000243416
73, -0.000243416
74, -0.000243416
75, -0.000243416
76, -0.000243416
77, -0.000243416
78, -0.000243416
79, -0.000243416
80, -0.000243416
81, -0.000243416
82, -0.000243416
83, -0.000243416
84, -0.000243416
85, -0.000243416
86, -0.000243416
87, -0.000243416
88, -0.000243416
89, -0.000243416
90, -0.000243416
91, -0.000243416
92, -0.000243416
93, -0.000243416
94, -0.000243416
95, -0.000243416
96, -0.000243416
97, -0.000243416
98, -0.000243416
99, -0.000243416
100, -0.000243416
101, -0.000243416
102, -0.000243416
103, -0.000243416
104, -0.000243416
105, -0.000243416
106, -0.000243416
107, -0.000243416
108, -0.000243416
109, -0.000243416
110, -0.000243416
111, -0.000243416
112, -0.000243416
113, -0.000243416
114, -0.000243416
115, -0.000243416
116, -0.000243416
117, -0.000243416
118, -0.000243416
119, -0.000243416
120, -0.000243416
121, -0.000243416
122, -0.000243416
123, -0.000243416
124, -0.000243416
125, -0.000243416
*Step  = 12
*Time  = 0.6
*Data  = sz
1, -0.000282855
2, -0.000282855
3, -0.000282855
4, -0.000282855
5, -0.000282855
6, -0.000282855
7, -0.000282855
8, -0.000282855
9, -0.000282855
10, -0.000282855
11, -0.000282855
12, -0.000282855
13, -0.000282855
14, -0.000282855
15, -0.000282855
16, -0.000282855
17, -0.000282855
18, -0.000282855
19, -0.000282855
20, -0.000282855
21, -0.000282855
22, -0.000282855
23, -0.000282855
24, -0.000282855
25, -0.000282855
26, -0.000282855
27, -0.000282855
28, -0.000282855
29, -0.000282855
30, -0.000282855
31, -0.000282855
32, -0.000282855
33, -0.000282855
34, -0.000282855
35, -0.000282855
36, -0.000282855
37, -0.000282855
38, -0.000282855
39, -0.000282855
40, -0.000282855
41, -0.000282855
42, -0.000282855
43, -0.000282855
44, -0.000282855
45, -0.000282855
46, -0.000282855
47, -0.000282855
48, -0.000282855
49, -0.000282855
50, -0.000282855
51, -0.000282855
52, -0.000282855
53, -0.000282855
54, -0.000282855
55, -0.000282855
56, -0.000282855
57, -0.000282855
58, -0.000282855
59, -0.000282855
60, -0.000282855
61, -0.000282855
62, -0.000282855
63, -0.000282855
64, -0.000282855
65, -0.000282855
66, -0.000282855
67, -0.000282855
68, -0.000282855
69, -0.000282855
70, -0.000282855
71, -0.000282855
72, -0.000282855
73, -0.000282855
74, -0.000282855
75, -0.000282855
76, -0.000282855
77, -0.000282855
78, -0.000282855
79, -0.000282855
80, -0.000282855
81, -0.000282855
82, -0.000282855
83, -0.000282855
84, -0.000282855
85, -0.000282855
86, -0.000282855
87, -0.000282855
88, -0.000282855
89, -0.000282855
90, -0.000282855
91, -0.000282855
92, -0.000282855
93, -0.000282855
94, -0.000282855
95, -0.000282855
96, -0.000282855
97, -0.000282855
98, -0.000282855
99, -0.000282855
100, -0.000282855
101, -0.000282855
102, -0.000282855
103, -0.000282855
104, -0.000282855
105, -0.000282855
106, -0.000282855
107, -0.000282855
108, -0.000282855
109, -0.000282855
110, -0.000282855
111, -0.000282855
112, -0.000282855
113, -0.000282855
114, -0.000282855
115, -0.000282855
116, -0.000282855
117, -0.000282855
118, -0.000282855
119, -0.000282855
120, -0.000282855
121, -0.000282855
122, -0.000282855
123, -0.000282855
124, -0.000282855
125, -0.000282855
*Step  = 13
*Time  = 0.65
*Data  = sz
1, -0.000327662
2, -0.000327662
3, -0.000327662
4, -0.000327662
5, -0.000327662
6, -0.000327662
7, -0.000327662
8, -0.000327662
9, -0.000327662
10, -0.000327662
11, -0.000327662
12, -0.000327662
13, -0.000327662
14, -0.000327662
15, -0.000327662
16, -0.000327662
17, -0.000327662
18, -0.000327662
19, -0.000327662
20, -0.000327662
21, -0.000327662
22, -0.000327662
23, -0.000327662
24, -0.000327662
25, -0.000327662
26, -0.000327662
27, -0.000327662
28, -0.000327662
29, -0.000327662
30, -0.000327662
31, -0.000327662
32, -0.000327662
33, -0.000327662
34, -0.000327662
35, -0.000327662
36, -0.000327662
37, -0.000327662
38, -0.000327662
39, -0.000327662
40, -0.000327662
41, -0.000327662
42, -0.000327662
43, -0.000327662
44, -0.000327662
45, -0.000327662
46, -0.000327662
47, -0.000327662
48, -0.000327662
49, -0.000327662
50, -0.000327662
51, -0.000327662
52, -0.000327662
53, -0.000327662
54, -0.000327662
55, -0.000327662
56, -0.000327662
57, -0.000327662
58, -0.000327662
59, -0.000327662
60, -0.000327662
61, -0.000327662
62, -0.000327662
63, -0.000327662
64, -0.000327662
65, -0.000327662
66, -0.000327662
67, -0.000327662
68, -0.000327662
69, -0.000327662
70, -0.000327662
71, -0.000327662
72, -0.000327662
73, -0.000327662
74, -0.000327662
75, -0.000327662
76, -0.000327662
77, -0.000327662
78, -0.000327662
79, -0.000327662
80, -0.000327662
81, -0.000327662
82, -0.000327662
83, -0.000327662
84, -0.000327662
85, -0.000327662
86, -0.000327662
87, -0.000327662
88, -0.000327662
89, -0.000327662
90, -0.000327662
91, -0.000327662
92, -0.000327662
93, -0.000327662
94, -0.000327662
95, -0.000327662
96, -0.000327662
97, -0.000327662
98, -0.000327662
99, -0.000327662
100, -0.000327662
101, -0.000327662
102, -0.000327662
103, -0.000327662
104, -0.000327662
105, -0.000327662
106, -0.000327662
107, -0.000327662
108, -0.000327662
109, -0.000327662
110, -0.000327662
111, -0.000327662
112, -0.000327662
113, -0.000327662
114, -0.000327662
115, -0.000327662
116, -0.000327662
117, -0.000327662
118, -0.000327662
119, -0.000327662
120, -0.000327662
121, -0.000327662
122, -0.000327662
123, -0.000327662
124, -0.000327662
125, -0.000327662
*Step  = 14
*Time  = 0.7
*Data  = sz
1, -0.000378775
2, -0.000378775
3, -0.000378775
4, -0.000378775
5, -0.000378775
6, -0.000378775
7, -0.000378775
8, -0.000378775
9, -0.000378775
10, -0.000378775
11, -0.000378775
12, -0.000378775
13, -0.000378775
14, -0.000378775
15, -0.000378775
16, -0.000378775
17, -0.000378775
18, -0.000378775
19, -0.000378775
20, -0.000378775
21, -0.000378775
22, -0.000378775
23, -0.000378775
24, -0.000378775
25, -0.000378775
26, -0.000378775
27, -0.000378775
28, -0.000378775
29, -0.000378775
30, -0.000378775
31, -0.000378775
32, -0.000378775
33, -0.000378775
34, -0.000378775
35, -0.000378775
36, -0.000378775
37, -0.000378775
38, -0.000378775
39, -0.000378775
40, -0.000378775
41, -0.000378775
42, -0.000378775
43, -0.000378775
44, -0.000378775
45, -0.000378775
46, -0.000378775
47, -0.000378775
48, -0.000378775
49, -0.000378775
50, -0.000378775
51, -0.000378775
52, -0.000378775
53, -0.000378775
54, -0.000378775
55, -0.000378775
56, -0.000378775
57, -0.000378775
58, -0.000378775
59, -0.000378775
60, -0.000378775
61, -0.000378775
62, -0.000378775
63, -0.000378775
64, -0.000378775
65, -0.000378775
66, -0.000378775
67, -0.000378775
68, -0.000378775
69, -0.000378775
70, -0.000378775
71, -0.000378775
72, -0.000378775
73, -0.000378775
74, -0.000378775
75, -0.000378775
76, -0.000378775
77, -0.000378775
78, -0.000378775
79, -0.000378775
80, -0.000378775
81, -0.000378775
82, -0.000378775
83, -0.000378775
84, -0.000378775
85, -0.000378775
86, -0.000378775
87, -0.000378775
88, -0.000378775
89, -0.000378775
90, -0.000378775
91, -0.000378775
92, -0.000378775
93, -0.000378775
94, -0.000378775
95, -0.000378775
96, -0.000378775
97, -0.000378775
98, -0.000378775
99, -0.000378775
100, -0.000378775
101, -0.000378775
102, -0.000378775
103, -0.000378775
104, -0.000378775
105, -0.000378775
106, -0.000378775
107, -0.000378775
108, -0.000378775
109, -0.000378775
110, -0.000378775
111, -0.000378775
112, -0.000378775
113, -0.000378775
114, -0.000378775
115, -0.000378775
116, -0.000378775
117, -0.000378775
118, -0.000378775
119, -0.000378775
120, -0.000378775
121, -0.000378775
122, -0.000378775
123, -0.000378775
124, -0.000378775
125, -0.000378775
*Step  = 15
*Time  = 0.75
*Data  = sz
1, -0.000437288
2, -0.000437288
3, -0.000437288
4, -0.000437288
5, -0.000437288
6, -0.000437288
7, -0.000437288
8, -0.000437288
9, -0.000437288
10, -0.000437288
11, -0.000437288
12, -0.000437288
13, -0.000437288
14, -0.000437288
15, -0.000437288
16, -0.000437288
17, -0.000437288
18, -0.000437288
19, -0.000437288
20, -0.000437288
21, -0.000437288
22, -0.000437288
23, -0.000437288
24, -0.000437288
25, -0.000437288
26, -0.000437288
27, -0.000437288
28, -0.000437288
29, -0.000437288
30, -0.000437288
31, -0.000437288
32, -0.000437288
33, -0.000437288
34, -0.000437288
35, -0.000437288
36, -0.000437288
37, -0.000437288
38, -0.000437288
39, -0.000437288
40, -0.000437288
41, -0.000437288
42, -0.000437288
43, -0.000437288
44, -0.000437288
45, -0.000437288
46, -0.000437288
47, -0.000437288
48, -0.000437288
49, -0.000437288
50, -0.000437288
51, -0.000437288
52, -0.000437288
53, -0.000437288
54, -0.000437288
55, -0.000437288
56, -0.000437288
57, -0.000437288
58, -0.000437288
59, -0.000437288
60, -0.000437288
61, -0.000437288
62, -0.000437288
63, -0.000437288
64, -0.000437288
65, -0.000437288
66, -0.000437288
67, -0.000437288
68, -0.000437288
69, -0.000437288
70, -0.000437288
71, -0.000437288
72, -0.000437288
73, -0.000437288
74, -0.000437288
75, -0.000437288
76, -0.000437288
77, -0.000437288
78, -0.000437288
79, -0.000437288
80, -0.000437288
81, -0.000437288
82, -0.000437288
83, -0.000437288
84, -0.000437288
85, -0.000437288
86, -0.000437288
87, -0.000437288
88, -0.000437288
89, -0.000437288
90, -0.000437288
91, -0.000437288
92, -0.000437288
93, -0.000437288
94, -0.000437288
95, -0.000437288
96, -0.000437288
97, -0.000437288
98, -0.000437288
99, -0.000437288
100, -0.000437288
101, -0.000437288
102, -0.000437288
103, -0.000437288
104, -0.000437288
105, -0.000437288
106, -0.000437288
107, -0.000437288
108, -0.000437288
109, -0.000437288
110, -0.000437288
111, -0.000437288
112, -0.000437288
113, -0.000437288
114, -0.000437288
115, -0.000437288
116, -0.000437288
117, -0.000437288
118, -0.000437288
119, -0.000437288
120, -0.000437288
121, -0.000437288
122, -0.000437288
123, -0.000437288
124, -0.000437288
125, -0.000437288
*Step  = 16
*Time  = 0.8
*Data  = sz
1, -0.00050448
2, -0.00050448
3, -0.00050448
4, -0.00050448
5, -0.00050448
6, -0.00050448
7, -0.00050448
8, -0.00050448
9, -0.00050448
10, -0.00050448
11, -0.00050448
12, -0.00050448
13, -0.00050448
14, -0.00050448
15, -0.00050448
16, -0.00050448
17, -0.00050448
18, -0.00050448
19, -0.00050448
20, -0.00050448
21, -0.00050448
22, -0.00050448
23, -0.00050448
24, -0.00050448
25, -0.00050448
26, -0.00050448
27, -0.00050448
28, -0.00050448
29, -0.00050448
30, -0.00050448
31, -0.00050448
32, -0.00050448
33, -0.00050448
34, -0.00050448
35, -0.00050448
36, -0.00050448
37, -0.00050448
38, -0.00050448
39, -0.00050448
40, -0.00050448
41, -0.00050448
42, -0.00050448
43, -0.00050448
44, -0.00050448
45, -0.00050448
46, -0.00050448
47, -0.00050448
48, -0.00050448
49, -0.00050448
50, -0.00050448
51, -0.00050448
52, -0.00050448
53, -0.00050448
54, -0.00050448
55, -0.00050448
56, -0.00050448
57, -0.00050448
58, -0.00050448
59, -0.00050448
60, -0.00050448
61, -0.00050448
62, -0.00050448
63, -0.00050448
64, -0.00050448
65, -0.00050448
66, -0.00050448
67, -0.00050448
68, -0.00050448
69, -0.00050448
70, -0.00050448
71, -0.00050448
72, -0.00050448
73, -0.00050448
74, -0.00050448
75, -0.00050448
76, -0.00050448
77, -0.00050448
78, -0.00050448
79, -0.00050448
80, -0.00050448
81, -0.00050448
82, -0.00050448
83, -0.00050448
84, -0.00050448
85, -0.00050448
86, -0.00050448
87, -0.00050448
88, -0.00050448
89, -0.00050448
90, -0.00050448
91, -0.00050448
92, -0.00050448
93, -0.00050448
94, -0.00050448
95, -0.00050448
96, -0.00050448
97, -0.00050448
98, -0.00050448
99, -0.00050448
100, -0.00050448
101, -0.00050448
102, -0.00050448
103, -0.00050448
104, -0.00050448
105, -0.00050448
106, -0.00050448
107, -0.00050448
108, -0.00050448
109, -0.00050448
110, -0.00050448
111, -0.00050448
112, -0.00050448
113, -0.00050448
114, -0.00050448
115, -0.00050448
116, -0.00050448
117, -0.00050448
118, -0.00050448
119, -0.00050448
120, -0.00050448
121, -0.00050448
122, -0.00050448
123, -0.00050448
124, -0.00050448
125, -0.00050448
*Step  = 17
*Time  = 0.85
*Data  = sz
1, -0.000581845
2, -0.000581845
3, -0.000581845
4, -0.000581845
5, -0.000581845
6, -0.000581845
7, -0.000581845
8, -0.000581845
9, -0.000581845
10, -0.000581845
11, -0.000581845
12, -0.000581845
13, -0.000581845
14, -0.000581845
15, -0.000581845
16, -0.000581845
17, -0.000581845
18, -0.000581845
19, -0.000581845
20, -0.000581845
21, -0.000581845
22, -0.000581845
23, -0.000581845
24, -0.000581845
25, -0.000581845
26, -0.000581845
27, -0.000581845
28, -0.000581845
29, -0.000581845
30, -0.000581845
31, -0.000581845
32, -0.000581845
33, -0.000581845
34, -0.000581845
35, -0.000581845
36, -0.000581845
37, -0.000581845
38, -0.000581845
39, -0.000581845
40, -0.000581845
41, -0.000581845
42, -0.000581845
43, -0.000581845
44, -0.000581845
45, -0.000581845
46, -0.000581845
47, -0.000581845
48, -0.000581845
49, -0.000581845
50, -0.000581845
51, -0.000581845
52, -0.000581845
53, -0.000581845
54, -0.000581845
55, -0.000581845
56, -0.000581845
57, -0.000581845
58, -0.000581845
59, -0.000581845
60, -0.000581845
61, -0.000581845
62, -0.000581845
63, -0.000581845
64, -0.000581845
65, -0.000581845
66, -0.000581845
67, -0.000581845
68, -0.000581845
69, -0.000581845
70, -0.000581845
71, -0.000581845
72, -0.000581845
73, -0.000581845
74, -0.000581845
75, -0.000581845
76, -0.000581845
77, -0.000581845
78, -0.000581845
79, -0.000581845
80, -0.000581845
81, -0.000581845
82, -0.000581845
83, -0.000581845
84, -0.000581845
85, -0.000581845
86, -0.000581845
87, -0.000581845
88, -0.000581845
89, -0.000581845
90, -0.000581845
91, -0.000581845
92, -0.000581845
93, -0.000581845
94, -0.000581845
95, -0.000581845
96, -0.000581845
97, -0.000581845
98, -0.000581845
99, -0.000581845
100, -0.000581845
101, -0.000581845
102, -0.000581845
103, -0.000581845
104, -0.000581845
105, -0.000581845
106, -0.000581845
107, -0.000581845
108, -0.000581845
109, -0.000581845
110, -0.000581845
111, -0.000581845
112, -0.000581845
113, -0.000581845
114, -0.000581845
115, -0.000581845
116, -0.000581845
117, -0.000581845
118, -0.000581845
119, -0.000581845
120, -0.000581845
121, -0.000581845
122, -0.000581845
123, -0.000581845
124, -0.000581845
125, -0.000581845
*Step  = 18
*Time  = 0.9
*Data  = sz
1, -0.000671134
2, -0.000671134
3, -0.000671134
4, -0.000671134
5, -0.000671134
6, -0.000671134
7, -0.000671134
8, -0.000671134
9, -0.000671134
10, -0.000671134
11, -0.000671134
12, -0.000671134
13, -0.000671134
14, -0.000671134
15, -0.000671134
16, -0.000671134
17, -0.000671134
18, -0.000671134
19, -0.000671134
20, -0.000671134
21, -0.000671134
22, -0.000671134
23, -0.000671134
24, -0.000671134
25, -0.000671134
26, -0.000671134
27, -0.000671134
28, -0.000671134
29, -0.000671134
30, -0.000671134
31, -0.000671134
32, -0.000671134
33, -0.000671134
34, -0.000671134
35, -0.000671134
36, -0.000671134
37, -0.000671134
38, -0.000671134
39, -0.000671134
40, -0.000671134
41, -0.000671134
42, -0.000671134
43, -0.000671134
44, -0.000671134
45, -0.000671134
46, -0.000671134
47, -0.000671134
48, -0.000671134
49, -0.000671134
50, -0.000671134
51, -0.000671134
52, -0.000671134
53, -0.000671134
54, -0.000671134
55, -0.000671134
56, -0.000671134
57, -0.000671134
58, -0.000671134
59, -0.000671134
60, -0.000671134
61, -0.000671134
62, -0.000671134
63, -0.000671134
64, -0.000671134
65, -0.000671134
66, -0.000671134
67, -0.000671134
68, -0.000671134
69, -0.000671134
70, -0.000671134
71, -0.000671134
72, -0.000671134
73, -0.000671134
74, -0.000671134
75, -0.000671134
76, -0.000671134
77, -0.000671134
78, -0.000671134
79, -0.000671134
80, -0.000671134
81, -0.000671134
82, -0.000671134
83, -0.000671134
84, -0.000671134
85, -0.000671134
86, -0.000671134
87, -0.000671134
88, -0.000671134
89, -0.000671134
90, -0.000671134
91, -0.000671134
92, -0.000671134
93, -0.000671134
94, -0.000671134
95, -0.000671134
96, -0.000671134
97, -0.000671134
98, -0.000671134
99, -0.000671134
100, -0.000671134
101, -0.000671134
102, -0.000671134
103, -0.000671134
104, -0.000671134
105, -0.000671134
106, -0.000671134
107, -0.000671134
108, -0.000671134
109, -0.000671134
110, -0.000671134
111, -0.000671134
112, -0.000671134
113, -0.000671134
114, -0.000671134
115, -0.000671134
116, -0.000671134
117, -0.000671134
118, -0.000671134
119, -0.000671134
120, -0.000671134
121, -0.000671134
122, -0.000671134
123, -0.000671134
124, -0.000671134
125, -0.000671134
*Step  = 19
*Time  = 0.95
*Data  = sz
1, -0.000774403
2, -0.000774403
3, -0.000774403
4, -0.000774403
5, -0.000774403
6, -0.000774403
7, -0.000774403
8, -0.000774403
9, -0.000774403
10, -0.000774403
11, -0.000774403
12, -0.000774403
13, -0.000774403
14, -0.000774403
15, -0.000774403
16, -0.000774403
17, -0.000774403
18, -0.000774403
19, -0.000774403
20, -0.000774403
21, -0.000774403
22, -0.000774403
23, -0.000774403
24, -0.000774403
25, -0.000774403
26, -0.000774403
27, -0.000774403
28, -0.000774403
29, -0.000774403
30, -0.000774403
31, -0.000774403
32, -0.000774403
33, -0.000774403
34, -0.000774403
35, -0.000774403
36, -0.000774403
37, -0.000774403
38, -0.000774403
39, -0.000774403
40, -0.000774403
41, -0.000774403
42, -0.000774403
43, -0.000774403
44, -0.000774403
45, -0.000774403
46, -0.000774403
47, -0.000774403
48, -0.000774403
49, -0.000774403
50, -0.000774403
51, -0.000774403
52, -0.000774403
53, -0.000774403
54, -0.000774403
55, -0.000774403
56, -0.000774403
57, -0.000774403
58, -0.000774403
59, -0.000774403
60, -0.000774403
61, -0.000774403
62, -0.000774403
63, -0.000774403
64, -0.000774403
65, -0.000774403
66, -0.000774403
67, -0.000774403
68, -0.000774403
69, -0.000774403
70, -0.000774403
71, -0.000774403
72, -0.000774403
73, -0.000774403
74, -0.000774403
75, -0.000774403
76, -0.000774403
77, -0.000774403
78, -0.000774403
79, -0.000774403
80, -0.000774403
81, -0.000774403
82, -0.000774403
83, -0.000774403
84, -0.000774403
85, -0.000774403
86, -0.000774403
87, -0.000774403
88, -0.000774403
89, -0.000774403
90, -0.000774403
91, -0.000774403
92, -0.000774403
93, -0.000774403
94, -0.000774403
95, -0.000774403
96, -0.000774403
97, -0.000774403
98, -0.000774403
99, -0.000774403
100, -0.000774403
101, -0.000774403
102, -0.000774403
103, -0.000774403
104, -0.000774403
105, -0.000774403
106, -0.000774403
107, -0.000774403
108, -0.000774403
109, -0.000774403
110, -0.000774403
111, -0.000774403
112, -0.000774403
113, -0.000774403
114, -0.000774403
115, -0.000774403
116, -0.000774403
117, -0.000774403
118, -0.000774403
119, -0.000774403
120, -0.000774403
121, -0.000774403
122, -0.000774403
123, -0.000774403
124, -0.000774403
125, -0.000774403
*Step  = 20
*Time  = 1
*Data  = sz
1, -0.000894067
2, -0.000894067
3, -0.000894067
4, -0.000894067
5, -0.000894067
6, -0.000894067
7, -0.000894067
8, -0.000894067
9, -0.000894067
10, -0.000894067
11, -0.000894067
12, -0.000894067
13, -0.000894067
14, -0.000894067
15, -0.000894067
16, -0.000894067
17, -0.000894067
18, -0.000894067
19, -0.000894067
20, -0.000894067
21, -0.000894067
22, -0.000894067
23, -0.000894067
24, -0.000894067
25, -0.000894067
26, -0.000894067
27, -0.000894067
28, -0.000894067
29, -0.000894067
30, -0.000894067
31, -0.000894067
32, -0.000894067
33, -0.000894067
34, -0.000894067
35, -0.000894067
36, -0.000894067
37, -0.000894067
38, -0.000894067
39, -0.000894067
40, -0.000894067
41, -0.000894067
42, -0.000894067
43, -0.000894067
44, -0.000894067
45, -0.000894067
46, -0.000894067
47, -0.000894067
48, -0.000894067
49, -0.000894067
50, -0.000894067
51, -0.000894067
52, -0.000894067
53, -0.000894067
54, -0.000894067
55, -0.000894067
56, -0.000894067
57, -0.000894067
58, -0.000894067
59, -0.000894067
60, -0.000894067
61, -0.000894067
62, -0.000894067
63, -0.000894067
64, -0.000894067
65, -0.000894067
66, -0.000894067
67, -0.000894067
68, -0.000894067
69, -0.000894067
70, -0.000894067
71, -0.000894067
72, -0.000894067
73, -0.000894067
74, -0.000894067
75, -0.000894067
76, -0.000894067
77, -0.000894067
78, -0.000894067
79, -0.000894067
80, -0.000894067
81, -0.000894067
82, -0.000894067
83, -0.000894067
84, -0.000894067
85, -0.000894067
86, -0.000894067
87, -0.000894067
88, -0.000894067
89, -0.000894067
90, -0.000894067
91, -0.000894067
92, -0.000894067
93, -0.000894067
94, -0.000894067
95, -0.000894067
96, -0.000894067
97, -0.000894067
98, -0.000894067
99, -0.000894067
100, -0.000894067
101, -0.000894067
102, -0.000894067
103, -0.000894067
104, -0.000894067
105, -0.000894067
106, -0.000894067
107, -0.000894067
108, -0.000894067
109, -0.000894067
110, -0.000894067
111, -0.000894067
112, -0.000894067
113, -0.000894067
114, -0.000894067
115, -0.000894067
116, -0.000894067
117, -0.000894067
118, -0.000894067
119, -0.000894067
120, -0.000894067
121, -0.000894067
122, -0.000894067
123, -0.000894067
124, -0.000894067
125, -0.000894067
