*Title:
*Step  = 1
*Time  = 0.05
*Data  = E1;E2;E3
1, 0.0079012, 0.00732611, -0.0148875
2, 0.0079012, 0.00732611, -0.0148875
3, 0.0079012, 0.00732611, -0.0148875
4, 0.0079012, 0.00732611, -0.0148875
5, 0.0079012, 0.00732611, -0.0148875
6, 0.0079012, 0.00732611, -0.0148875
7, 0.0079012, 0.00732611, -0.0148875
8, 0.0079012, 0.00732611, -0.0148875
9, 0.0079012, 0.00732611, -0.0148875
10, 0.0079012, 0.00732611, -0.0148875
11, 0.0079012, 0.00732611, -0.0148875
12, 0.0079012, 0.00732611, -0.0148875
13, 0.0079012, 0.00732611, -0.0148875
14, 0.0079012, 0.00732611, -0.0148875
15, 0.0079012, 0.00732611, -0.0148875
16, 0.0079012, 0.00732611, -0.0148875
17, 0.0079012, 0.00732611, -0.0148875
18, 0.0079012, 0.00732611, -0.0148875
19, 0.0079012, 0.00732611, -0.0148875
20, 0.0079012, 0.00732611, -0.0148875
21, 0.0079012, 0.00732611, -0.0148875
22, 0.0079012, 0.00732611, -0.0148875
23, 0.0079012, 0.00732611, -0.0148875
24, 0.0079012, 0.00732611, -0.0148875
25, 0.0079012, 0.00732611, -0.0148875
26, 0.0079012, 0.00732611, -0.0148875
27, 0.0079012, 0.00732611, -0.0148875
28, 0.0079012, 0.00732611, -0.0148875
29, 0.0079012, 0.00732611, -0.0148875
30, 0.0079012, 0.00732611, -0.0148875
31, 0.0079012, 0.00732611, -0.0148875
32, 0.0079012, 0.00732611, -0.0148875
33, 0.0079012, 0.00732611, -0.0148875
34, 0.0079012, 0.00732611, -0.0148875
35, 0.0079012, 0.00732611, -0.0148875
36, 0.0079012, 0.00732611, -0.0148875
37, 0.0079012, 0.00732611, -0.0148875
38, 0.0079012, 0.00732611, -0.0148875
39, 0.0079012, 0.00732611, -0.0148875
40, 0.0079012, 0.00732611, -0.0148875
41, 0.0079012, 0.00732611, -0.0148875
42, 0.0079012, 0.00732611, -0.0148875
43, 0.0079012, 0.00732611, -0.0148875
44, 0.0079012, 0.00732611, -0.0148875
45, 0.0079012, 0.00732611, -0.0148875
46, 0.0079012, 0.00732611, -0.0148875
47, 0.0079012, 0.00732611, -0.0148875
48, 0.0079012, 0.00732611, -0.0148875
49, 0.0079012, 0.00732611, -0.0148875
50, 0.0079012, 0.00732611, -0.0148875
51, 0.0079012, 0.00732611, -0.0148875
52, 0.0079012, 0.00732611, -0.0148875
53, 0.0079012, 0.00732611, -0.0148875
54, 0.0079012, 0.00732611, -0.0148875
55, 0.0079012, 0.00732611, -0.0148875
56, 0.0079012, 0.00732611, -0.0148875
57, 0.0079012, 0.00732611, -0.0148875
58, 0.0079012, 0.00732611, -0.0148875
59, 0.0079012, 0.00732611, -0.0148875
60, 0.0079012, 0.00732611, -0.0148875
61, 0.0079012, 0.00732611, -0.0148875
62, 0.0079012, 0.00732611, -0.0148875
63, 0.0079012, 0.00732611, -0.0148875
64, 0.0079012, 0.00732611, -0.0148875
65, 0.0079012, 0.00732611, -0.0148875
66, 0.0079012, 0.00732611, -0.0148875
67, 0.0079012, 0.00732611, -0.0148875
68, 0.0079012, 0.00732611, -0.0148875
69, 0.0079012, 0.00732611, -0.0148875
70, 0.0079012, 0.00732611, -0.0148875
71, 0.0079012, 0.00732611, -0.0148875
72, 0.0079012, 0.00732611, -0.0148875
73, 0.0079012, 0.00732611, -0.0148875
74, 0.0079012, 0.00732611, -0.0148875
75, 0.0079012, 0.00732611, -0.0148875
76, 0.0079012, 0.00732611, -0.0148875
77, 0.0079012, 0.00732611, -0.0148875
78, 0.0079012, 0.00732611, -0.0148875
79, 0.0079012, 0.00732611, -0.0148875
80, 0.0079012, 0.00732611, -0.0148875
81, 0.0079012, 0.00732611, -0.0148875
82, 0.0079012, 0.00732611, -0.0148875
83, 0.0079012, 0.00732611, -0.0148875
84, 0.0079012, 0.00732611, -0.0148875
85, 0.0079012, 0.00732611, -0.0148875
86, 0.0079012, 0.00732611, -0.0148875
87, 0.0079012, 0.00732611, -0.0148875
88, 0.0079012, 0.00732611, -0.0148875
89, 0.0079012, 0.00732611, -0.0148875
90, 0.0079012, 0.00732611, -0.0148875
91, 0.0079012, 0.00732611, -0.0148875
92, 0.0079012, 0.00732611, -0.0148875
93, 0.0079012, 0.00732611, -0.0148875
94, 0.0079012, 0.00732611, -0.0148875
95, 0.0079012, 0.00732611, -0.0148875
96, 0.0079012, 0.00732611, -0.0148875
97, 0.0079012, 0.00732611, -0.0148875
98, 0.0079012, 0.00732611, -0.0148875
99, 0.0079012, 0.00732611, -0.0148875
100, 0.0079012, 0.00732611, -0.0148875
101, 0.0079012, 0.00732611, -0.0148875
102, 0.0079012, 0.00732611, -0.0148875
103, 0.0079012, 0.00732611, -0.0148875
104, 0.0079012, 0.00732611, -0.0148875
105, 0.0079012, 0.00732611, -0.0148875
106, 0.0079012, 0.00732611, -0.0148875
107, 0.0079012, 0.00732611, -0.0148875
108, 0.0079012, 0.00732611, -0.0148875
109, 0.0079012, 0.00732611, -0.0148875
110, 0.0079012, 0.00732611, -0.0148875
111, 0.0079012, 0.00732611, -0.0148875
112, 0.0079012, 0.00732611, -0.0148875
113, 0.0079012, 0.00732611, -0.0148875
114, 0.0079012, 0.00732611, -0.0148875
115, 0.0079012, 0.00732611, -0.0148875
116, 0.0079012, 0.00732611, -0.0148875
117, 0.0079012, 0.00732611, -0.0148875
118, 0.0079012, 0.00732611, -0.0148875
119, 0.0079012, 0.00732611, -0.0148875
120, 0.0079012, 0.00732611, -0.0148875
121, 0.0079012, 0.00732611, -0.0148875
122, 0.0079012, 0.00732611, -0.0148875
123, 0.0079012, 0.00732611, -0.0148875
124, 0.0079012, 0.00732611, -0.0148875
125, 0.0079012, 0.00732611, -0.0148875
*Step  = 2
*Time  = 0.1
*Data  = E1;E2;E3
1, 0.0167642, 0.0141641, -0.02955
2, 0.0167642, 0.0141641, -0.02955
3, 0.0167642, 0.0141641, -0.02955
4, 0.0167642, 0.0141641, -0.02955
5, 0.0167642, 0.0141641, -0.02955
6, 0.0167642, 0.0141641, -0.02955
7, 0.0167642, 0.0141641, -0.02955
8, 0.0167642, 0.0141641, -0.02955
9, 0.0167642, 0.0141641, -0.02955
10, 0.0167642, 0.0141641, -0.02955
11, 0.0167642, 0.0141641, -0.02955
12, 0.0167642, 0.0141641, -0.02955
13, 0.0167642, 0.0141641, -0.02955
14, 0.0167642, 0.0141641, -0.02955
15, 0.0167642, 0.0141641, -0.02955
16, 0.0167642, 0.0141641, -0.02955
17, 0.0167642, 0.0141641, -0.02955
18, 0.0167642, 0.0141641, -0.02955
19, 0.0167642, 0.0141641, -0.02955
20, 0.0167642, 0.0141641, -0.02955
21, 0.0167642, 0.0141641, -0.02955
22, 0.0167642, 0.0141641, -0.02955
23, 0.0167642, 0.0141641, -0.02955
24, 0.0167642, 0.0141641, -0.02955
25, 0.0167642, 0.0141641, -0.02955
26, 0.0167642, 0.0141641, -0.02955
27, 0.0167642, 0.0141641, -0.02955
28, 0.0167642, 0.0141641, -0.02955
29, 0.0167642, 0.0141641, -0.02955
30, 0.0167642, 0.0141641, -0.02955
31, 0.0167642, 0.0141641, -0.02955
32, 0.0167642, 0.0141641, -0.02955
33, 0.0167642, 0.0141641, -0.02955
34, 0.0167642, 0.0141641, -0.02955
35, 0.0167642, 0.0141641, -0.02955
36, 0.0167642, 0.0141641, -0.02955
37, 0.0167642, 0.0141641, -0.02955
38, 0.0167642, 0.0141641, -0.02955
39, 0.0167642, 0.0141641, -0.02955
40, 0.0167642, 0.0141641, -0.02955
41, 0.0167642, 0.0141641, -0.02955
42, 0.0167642, 0.0141641, -0.02955
43, 0.0167642, 0.0141641, -0.02955
44, 0.0167642, 0.0141641, -0.02955
45, 0.0167642, 0.0141641, -0.02955
46, 0.0167642, 0.0141641, -0.02955
47, 0.0167642, 0.0141641, -0.02955
48, 0.0167642, 0.0141641, -0.02955
49, 0.0167642, 0.0141641, -0.02955
50, 0.0167642, 0.0141641, -0.02955
51, 0.0167642, 0.0141641, -0.02955
52, 0.0167642, 0.0141641, -0.02955
53, 0.0167642, 0.0141641, -0.02955
54, 0.0167642, 0.0141641, -0.02955
55, 0.0167642, 0.0141641, -0.02955
56, 0.0167642, 0.0141641, -0.02955
57, 0.0167642, 0.0141641, -0.02955
58, 0.0167642, 0.0141641, -0.02955
59, 0.0167642, 0.0141641, -0.02955
60, 0.0167642, 0.0141641, -0.02955
61, 0.0167642, 0.0141641, -0.02955
62, 0.0167642, 0.0141641, -0.02955
63, 0.0167642, 0.0141641, -0.02955
64, 0.0167642, 0.0141641, -0.02955
65, 0.0167642, 0.0141641, -0.02955
66, 0.0167642, 0.0141641, -0.02955
67, 0.0167642, 0.0141641, -0.02955
68, 0.0167642, 0.0141641, -0.02955
69, 0.0167642, 0.0141641, -0.02955
70, 0.0167642, 0.0141641, -0.02955
71, 0.0167642, 0.0141641, -0.02955
72, 0.0167642, 0.0141641, -0.02955
73, 0.0167642, 0.0141641, -0.02955
74, 0.0167642, 0.0141641, -0.02955
75, 0.0167642, 0.0141641, -0.02955
76, 0.0167642, 0.0141641, -0.02955
77, 0.0167642, 0.0141641, -0.02955
78, 0.0167642, 0.0141641, -0.02955
79, 0.0167642, 0.0141641, -0.02955
80, 0.0167642, 0.0141641, -0.02955
81, 0.0167642, 0.0141641, -0.02955
82, 0.0167642, 0.0141641, -0.02955
83, 0.0167642, 0.0141641, -0.02955
84, 0.0167642, 0.0141641, -0.02955
85, 0.0167642, 0.0141641, -0.02955
86, 0.0167642, 0.0141641, -0.02955
87, 0.0167642, 0.0141641, -0.02955
88, 0.0167642, 0.0141641, -0.02955
89, 0.0167642, 0.0141641, -0.02955
90, 0.0167642, 0.0141641, -0.02955
91, 0.0167642, 0.0141641, -0.02955
92, 0.0167642, 0.0141641, -0.02955
93, 0.0167642, 0.0141641, -0.02955
94, 0.0167642, 0.0141641, -0.02955
95, 0.0167642, 0.0141641, -0.02955
96, 0.0167642, 0.0141641, -0.02955
97, 0.0167642, 0.0141641, -0.02955
98, 0.0167642, 0.0141641, -0.02955
99, 0.0167642, 0.0141641, -0.02955
100, 0.0167642, 0.0141641, -0.02955
101, 0.0167642, 0.0141641, -0.02955
102, 0.0167642, 0.0141641, -0.02955
103, 0.0167642, 0.0141641, -0.02955
104, 0.0167642, 0.0141641, -0.02955
105, 0.0167642, 0.0141641, -0.02955
106, 0.0167642, 0.0141641, -0.02955
107, 0.0167642, 0.0141641, -0.02955
108, 0.0167642, 0.0141641, -0.02955
109, 0.0167642, 0.0141641, -0.02955
110, 0.0167642, 0.0141641, -0.02955
111, 0.0167642, 0.0141641, -0.02955
112, 0.0167642, 0.0141641, -0.02955
113, 0.0167642, 0.0141641, -0.02955
114, 0.0167642, 0.0141641, -0.02955
115, 0.0167642, 0.0141641, -0.02955
116, 0.0167642, 0.0141641, -0.02955
117, 0.0167642, 0.0141641, -0.02955
118, 0.0167642, 0.0141641, -0.02955
119, 0.0167642, 0.0141641, -0.02955
120, 0.0167642, 0.0141641, -0.02955
121, 0.0167642, 0.0141641, -0.02955
122, 0.0167642, 0.0141641, -0.02955
123, 0.0167642, 0.0141641, -0.02955
124, 0.0167642, 0.0141641, -0.02955
125, 0.0167642, 0.0141641, -0.02955
*Step  = 3
*Time  = 0.15
*Data  = E1;E2;E3
1, 0.0265795, 0.0205536, -0.0439875
2, 0.0265795, 0.0205536, -0.0439875
3, 0.0265795, 0.0205536, -0.0439875
4, 0.0265795, 0.0205536, -0.0439875
5, 0.0265795, 0.0205536, -0.0439875
6, 0.0265795, 0.0205536, -0.0439875
7, 0.0265795, 0.0205536, -0.0439875
8, 0.0265795, 0.0205536, -0.0439875
9, 0.0265795, 0.0205536, -0.0439875
10, 0.0265795, 0.0205536, -0.0439875
11, 0.0265795, 0.0205536, -0.0439875
12, 0.0265795, 0.0205536, -0.0439875
13, 0.0265795, 0.0205536, -0.0439875
14, 0.0265795, 0.0205536, -0.0439875
15, 0.0265795, 0.0205536, -0.0439875
16, 0.0265795, 0.0205536, -0.0439875
17, 0.0265795, 0.0205536, -0.0439875
18, 0.0265795, 0.0205536, -0.0439875
19, 0.0265795, 0.0205536, -0.0439875
20, 0.0265795, 0.0205536, -0.0439875
21, 0.0265795, 0.0205536, -0.0439875
22, 0.0265795, 0.0205536, -0.0439875
23, 0.0265795, 0.0205536, -0.0439875
24, 0.0265795, 0.0205536, -0.0439875
25, 0.0265795, 0.0205536, -0.0439875
26, 0.0265795, 0.0205536, -0.0439875
27, 0.0265795, 0.0205536, -0.0439875
28, 0.0265795, 0.0205536, -0.0439875
29, 0.0265795, 0.0205536, -0.0439875
30, 0.0265795, 0.0205536, -0.0439875
31, 0.0265795, 0.0205536, -0.0439875
32, 0.0265795, 0.0205536, -0.0439875
33, 0.0265795, 0.0205536, -0.0439875
34, 0.0265795, 0.0205536, -0.0439875
35, 0.0265795, 0.0205536, -0.0439875
36, 0.0265795, 0.0205536, -0.0439875
37, 0.0265795, 0.0205536, -0.0439875
38, 0.0265795, 0.0205536, -0.0439875
39, 0.0265795, 0.0205536, -0.0439875
40, 0.0265795, 0.0205536, -0.0439875
41, 0.0265795, 0.0205536, -0.0439875
42, 0.0265795, 0.0205536, -0.0439875
43, 0.0265795, 0.0205536, -0.0439875
44, 0.0265795, 0.0205536, -0.0439875
45, 0.0265795, 0.0205536, -0.0439875
46, 0.0265795, 0.0205536, -0.0439875
47, 0.0265795, 0.0205536, -0.0439875
48, 0.0265795, 0.0205536, -0.0439875
49, 0.0265795, 0.0205536, -0.0439875
50, 0.0265795, 0.0205536, -0.0439875
51, 0.0265795, 0.0205536, -0.0439875
52, 0.0265795, 0.0205536, -0.0439875
53, 0.0265795, 0.0205536, -0.0439875
54, 0.0265795, 0.0205536, -0.0439875
55, 0.0265795, 0.0205536, -0.0439875
56, 0.0265795, 0.0205536, -0.0439875
57, 0.0265795, 0.0205536, -0.0439875
58, 0.0265795, 0.0205536, -0.0439875
59, 0.0265795, 0.0205536, -0.0439875
60, 0.0265795, 0.0205536, -0.0439875
61, 0.0265795, 0.0205536, -0.0439875
62, 0.0265795, 0.0205536, -0.0439875
63, 0.0265795, 0.0205536, -0.0439875
64, 0.0265795, 0.0205536, -0.0439875
65, 0.0265795, 0.0205536, -0.0439875
66, 0.0265795, 0.0205536, -0.0439875
67, 0.0265795, 0.0205536, -0.0439875
68, 0.0265795, 0.0205536, -0.0439875
69, 0.0265795, 0.0205536, -0.0439875
70, 0.0265795, 0.0205536, -0.0439875
71, 0.0265795, 0.0205536, -0.0439875
72, 0.0265795, 0.0205536, -0.0439875
73, 0.0265795, 0.0205536, -0.0439875
74, 0.0265795, 0.0205536, -0.0439875
75, 0.0265795, 0.0205536, -0.0439875
76, 0.0265795, 0.0205536, -0.0439875
77, 0.0265795, 0.0205536, -0.0439875
78, 0.0265795, 0.0205536, -0.0439875
79, 0.0265795, 0.0205536, -0.0439875
80, 0.0265795, 0.0205536, -0.0439875
81, 0.0265795, 0.0205536, -0.0439875
82, 0.0265795, 0.0205536, -0.0439875
83, 0.0265795, 0.0205536, -0.0439875
84, 0.0265795, 0.0205536, -0.0439875
85, 0.0265795, 0.0205536, -0.0439875
86, 0.0265795, 0.0205536, -0.0439875
87, 0.0265795, 0.0205536, -0.0439875
88, 0.0265795, 0.0205536, -0.0439875
89, 0.0265795, 0.0205536, -0.0439875
90, 0.0265795, 0.0205536, -0.0439875
91, 0.0265795, 0.0205536, -0.0439875
92, 0.0265795, 0.0205536, -0.0439875
93, 0.0265795, 0.0205536, -0.0439875
94, 0.0265795, 0.0205536, -0.0439875
95, 0.0265795, 0.0205536, -0.0439875
96, 0.0265795, 0.0205536, -0.0439875
97, 0.0265795, 0.0205536, -0.0439875
98, 0.0265795, 0.0205536, -0.0439875
99, 0.0265795, 0.0205536, -0.0439875
100, 0.0265795, 0.0205536, -0.0439875
101, 0.0265795, 0.0205536, -0.0439875
102, 0.0265795, 0.0205536, -0.0439875
103, 0.0265795, 0.0205536, -0.0439875
104, 0.0265795, 0.0205536, -0.0439875
105, 0.0265795, 0.0205536, -0.0439875
106, 0.0265795, 0.0205536, -0.0439875
107, 0.0265795, 0.0205536, -0.0439875
108, 0.0265795, 0.0205536, -0.0439875
109, 0.0265795, 0.0205536, -0.0439875
110, 0.0265795, 0.0205536, -0.0439875
111, 0.0265795, 0.0205536, -0.0439875
112, 0.0265795, 0.0205536, -0.0439875
113, 0.0265795, 0.0205536, -0.0439875
114, 0.0265795, 0.0205536, -0.0439875
115, 0.0265795, 0.0205536, -0.0439875
116, 0.0265795, 0.0205536, -0.0439875
117, 0.0265795, 0.0205536, -0.0439875
118, 0.0265795, 0.0205536, -0.0439875
119, 0.0265795, 0.0205536, -0.0439875
120, 0.0265795, 0.0205536, -0.0439875
121, 0.0265795, 0.0205536, -0.0439875
122, 0.0265795, 0.0205536, -0.0439875
123, 0.0265795, 0.0205536, -0.0439875
124, 0.0265795, 0.0205536, -0.0439875
125, 0.0265795, 0.0205536, -0.0439875
*Step  = 4
*Time  = 0.2
*Data  = E1;E2;E3
1, 0.0372657, 0.0266106, -0.0582
2, 0.0372657, 0.0266106, -0.0582
3, 0.0372657, 0.0266106, -0.0582
4, 0.0372657, 0.0266106, -0.0582
5, 0.0372657, 0.0266106, -0.0582
6, 0.0372657, 0.0266106, -0.0582
7, 0.0372657, 0.0266106, -0.0582
8, 0.0372657, 0.0266106, -0.0582
9, 0.0372657, 0.0266106, -0.0582
10, 0.0372657, 0.0266106, -0.0582
11, 0.0372657, 0.0266106, -0.0582
12, 0.0372657, 0.0266106, -0.0582
13, 0.0372657, 0.0266106, -0.0582
14, 0.0372657, 0.0266106, -0.0582
15, 0.0372657, 0.0266106, -0.0582
16, 0.0372657, 0.0266106, -0.0582
17, 0.0372657, 0.0266106, -0.0582
18, 0.0372657, 0.0266106, -0.0582
19, 0.0372657, 0.0266106, -0.0582
20, 0.0372657, 0.0266106, -0.0582
21, 0.0372657, 0.0266106, -0.0582
22, 0.0372657, 0.0266106, -0.0582
23, 0.0372657, 0.0266106, -0.0582
24, 0.0372657, 0.0266106, -0.0582
25, 0.0372657, 0.0266106, -0.0582
26, 0.0372657, 0.0266106, -0.0582
27, 0.0372657, 0.0266106, -0.0582
28, 0.0372657, 0.0266106, -0.0582
29, 0.0372657, 0.0266106, -0.0582
30, 0.0372657, 0.0266106, -0.0582
31, 0.0372657, 0.0266106, -0.0582
32, 0.0372657, 0.0266106, -0.0582
33, 0.0372657, 0.0266106, -0.0582
34, 0.0372657, 0.0266106, -0.0582
35, 0.0372657, 0.0266106, -0.0582
36, 0.0372657, 0.0266106, -0.0582
37, 0.0372657, 0.0266106, -0.0582
38, 0.0372657, 0.0266106, -0.0582
39, 0.0372657, 0.0266106, -0.0582
40, 0.0372657, 0.0266106, -0.0582
41, 0.0372657, 0.0266106, -0.0582
42, 0.0372657, 0.0266106, -0.0582
43, 0.0372657, 0.0266106, -0.0582
44, 0.0372657, 0.0266106, -0.0582
45, 0.0372657, 0.0266106, -0.0582
46, 0.0372657, 0.0266106, -0.0582
47, 0.0372657, 0.0266106, -0.0582
48, 0.0372657, 0.0266106, -0.0582
49, 0.0372657, 0.0266106, -0.0582
50, 0.0372657, 0.0266106, -0.0582
51, 0.0372657, 0.0266106, -0.0582
52, 0.0372657, 0.0266106, -0.0582
53, 0.0372657, 0.0266106, -0.0582
54, 0.0372657, 0.0266106, -0.0582
55, 0.0372657, 0.0266106, -0.0582
56, 0.0372657, 0.0266106, -0.0582
57, 0.0372657, 0.0266106, -0.0582
58, 0.0372657, 0.0266106, -0.0582
59, 0.0372657, 0.0266106, -0.0582
60, 0.0372657, 0.0266106, -0.0582
61, 0.0372657, 0.0266106, -0.0582
62, 0.0372657, 0.0266106, -0.0582
63, 0.0372657, 0.0266106, -0.0582
64, 0.0372657, 0.0266106, -0.0582
65, 0.0372657, 0.0266106, -0.0582
66, 0.0372657, 0.0266106, -0.0582
67, 0.0372657, 0.0266106, -0.0582
68, 0.0372657, 0.0266106, -0.0582
69, 0.0372657, 0.0266106, -0.0582
70, 0.0372657, 0.0266106, -0.0582
71, 0.0372657, 0.0266106, -0.0582
72, 0.0372657, 0.0266106, -0.0582
73, 0.0372657, 0.0266106, -0.0582
74, 0.0372657, 0.0266106, -0.0582
75, 0.0372657, 0.0266106, -0.0582
76, 0.0372657, 0.0266106, -0.0582
77, 0.0372657, 0.0266106, -0.0582
78, 0.0372657, 0.0266106, -0.0582
79, 0.0372657, 0.0266106, -0.0582
80, 0.0372657, 0.0266106, -0.0582
81, 0.0372657, 0.0266106, -0.0582
82, 0.0372657, 0.0266106, -0.0582
83, 0.0372657, 0.0266106, -0.0582
84, 0.0372657, 0.0266106, -0.0582
85, 0.0372657, 0.0266106, -0.0582
86, 0.0372657, 0.0266106, -0.0582
87, 0.0372657, 0.0266106, -0.0582
88, 0.0372657, 0.0266106, -0.0582
89, 0.0372657, 0.0266106, -0.0582
90, 0.0372657, 0.0266106, -0.0582
91, 0.0372657, 0.0266106, -0.0582
92, 0.0372657, 0.0266106, -0.0582
93, 0.0372657, 0.0266106, -0.0582
94, 0.0372657, 0.0266106, -0.0582
95, 0.0372657, 0.0266106, -0.0582
96, 0.0372657, 0.0266106, -0.0582
97, 0.0372657, 0.0266106, -0.0582
98, 0.0372657, 0.0266106, -0.0582
99, 0.0372657, 0.0266106, -0.0582
100, 0.0372657, 0.0266106, -0.0582
101, 0.0372657, 0.0266106, -0.0582
102, 0.0372657, 0.0266106, -0.0582
103, 0.0372657, 0.0266106, -0.0582
104, 0.0372657, 0.0266106, -0.0582
105, 0.0372657, 0.0266106, -0.0582
106, 0.0372657, 0.0266106, -0.0582
107, 0.0372657, 0.0266106, -0.0582
108, 0.0372657, 0.0266106, -0.0582
109, 0.0372657, 0.0266106, -0.0582
110, 0.0372657, 0.0266106, -0.0582
111, 0.0372657, 0.0266106, -0.0582
112, 0.0372657, 0.0266106, -0.0582
113, 0.0372657, 0.0266106, -0.0582
114, 0.0372657, 0.0266106, -0.0582
115, 0.0372657, 0.0266106, -0.0582
116, 0.0372657, 0.0266106, -0.0582
117, 0.0372657, 0.0266106, -0.0582
118, 0.0372657, 0.0266106, -0.0582
119, 0.0372657, 0.0266106, -0.0582
120, 0.0372657, 0.0266106, -0.0582
121, 0.0372657, 0.0266106, -0.0582
122, 0.0372657, 0.0266106, -0.0582
123, 0.0372657, 0.0266106, -0.0582
124, 0.0372657, 0.0266106, -0.0582
125, 0.0372657, 0.0266106, -0.0582
*Step  = 5
*Time  = 0.25
*Data  = E1;E2;E3
1, 0.0487422, 0.032452, -0.0721875
2, 0.0487422, 0.032452, -0.0721875
3, 0.0487422, 0.032452, -0.0721875
4, 0.0487422, 0.032452, -0.0721875
5, 0.0487422, 0.032452, -0.0721875
6, 0.0487422, 0.032452, -0.0721875
7, 0.0487422, 0.032452, -0.0721875
8, 0.0487422, 0.032452, -0.0721875
9, 0.0487422, 0.032452, -0.0721875
10, 0.0487422, 0.032452, -0.0721875
11, 0.0487422, 0.032452, -0.0721875
12, 0.0487422, 0.032452, -0.0721875
13, 0.0487422, 0.032452, -0.0721875
14, 0.0487422, 0.032452, -0.0721875
15, 0.0487422, 0.032452, -0.0721875
16, 0.0487422, 0.032452, -0.0721875
17, 0.0487422, 0.032452, -0.0721875
18, 0.0487422, 0.032452, -0.0721875
19, 0.0487422, 0.032452, -0.0721875
20, 0.0487422, 0.032452, -0.0721875
21, 0.0487422, 0.032452, -0.0721875
22, 0.0487422, 0.032452, -0.0721875
23, 0.0487422, 0.032452, -0.0721875
24, 0.0487422, 0.032452, -0.0721875
25, 0.0487422, 0.032452, -0.0721875
26, 0.0487422, 0.032452, -0.0721875
27, 0.0487422, 0.032452, -0.0721875
28, 0.0487422, 0.032452, -0.0721875
29, 0.0487422, 0.032452, -0.0721875
30, 0.0487422, 0.032452, -0.0721875
31, 0.0487422, 0.032452, -0.0721875
32, 0.0487422, 0.032452, -0.0721875
33, 0.0487422, 0.032452, -0.0721875
34, 0.0487422, 0.032452, -0.0721875
35, 0.0487422, 0.032452, -0.0721875
36, 0.0487422, 0.032452, -0.0721875
37, 0.0487422, 0.032452, -0.0721875
38, 0.0487422, 0.032452, -0.0721875
39, 0.0487422, 0.032452, -0.0721875
40, 0.0487422, 0.032452, -0.0721875
41, 0.0487422, 0.032452, -0.0721875
42, 0.0487422, 0.032452, -0.0721875
43, 0.0487422, 0.032452, -0.0721875
44, 0.0487422, 0.032452, -0.0721875
45, 0.0487422, 0.032452, -0.0721875
46, 0.0487422, 0.032452, -0.0721875
47, 0.0487422, 0.032452, -0.0721875
48, 0.0487422, 0.032452, -0.0721875
49, 0.0487422, 0.032452, -0.0721875
50, 0.0487422, 0.032452, -0.0721875
51, 0.0487422, 0.032452, -0.0721875
52, 0.0487422, 0.032452, -0.0721875
53, 0.0487422, 0.032452, -0.0721875
54, 0.0487422, 0.032452, -0.0721875
55, 0.0487422, 0.032452, -0.0721875
56, 0.0487422, 0.032452, -0.0721875
57, 0.0487422, 0.032452, -0.0721875
58, 0.0487422, 0.032452, -0.0721875
59, 0.0487422, 0.032452, -0.0721875
60, 0.0487422, 0.032452, -0.0721875
61, 0.0487422, 0.032452, -0.0721875
62, 0.0487422, 0.032452, -0.0721875
63, 0.0487422, 0.032452, -0.0721875
64, 0.0487422, 0.032452, -0.0721875
65, 0.0487422, 0.032452, -0.0721875
66, 0.0487422, 0.032452, -0.0721875
67, 0.0487422, 0.032452, -0.0721875
68, 0.0487422, 0.032452, -0.0721875
69, 0.0487422, 0.032452, -0.0721875
70, 0.0487422, 0.032452, -0.0721875
71, 0.0487422, 0.032452, -0.0721875
72, 0.0487422, 0.032452, -0.0721875
73, 0.0487422, 0.032452, -0.0721875
74, 0.0487422, 0.032452, -0.0721875
75, 0.0487422, 0.032452, -0.0721875
76, 0.0487422, 0.032452, -0.0721875
77, 0.0487422, 0.032452, -0.0721875
78, 0.0487422, 0.032452, -0.0721875
79, 0.0487422, 0.032452, -0.0721875
80, 0.0487422, 0.032452, -0.0721875
81, 0.0487422, 0.032452, -0.0721875
82, 0.0487422, 0.032452, -0.0721875
83, 0.0487422, 0.032452, -0.0721875
84, 0.0487422, 0.032452, -0.0721875
85, 0.0487422, 0.032452, -0.0721875
86, 0.0487422, 0.032452, -0.0721875
87, 0.0487422, 0.032452, -0.0721875
88, 0.0487422, 0.032452, -0.0721875
89, 0.0487422, 0.032452, -0.0721875
90, 0.0487422, 0.032452, -0.0721875
91, 0.0487422, 0.032452, -0.0721875
92, 0.0487422, 0.032452, -0.0721875
93, 0.0487422, 0.032452, -0.0721875
94, 0.0487422, 0.032452, -0.0721875
95, 0.0487422, 0.032452, -0.0721875
96, 0.0487422, 0.032452, -0.0721875
97, 0.0487422, 0.032452, -0.0721875
98, 0.0487422, 0.032452, -0.0721875
99, 0.0487422, 0.032452, -0.0721875
100, 0.0487422, 0.032452, -0.0721875
101, 0.0487422, 0.032452, -0.0721875
102, 0.0487422, 0.032452, -0.0721875
103, 0.0487422, 0.032452, -0.0721875
104, 0.0487422, 0.032452, -0.0721875
105, 0.0487422, 0.032452, -0.0721875
106, 0.0487422, 0.032452, -0.0721875
107, 0.0487422, 0.032452, -0.0721875
108, 0.0487422, 0.032452, -0.0721875
109, 0.0487422, 0.032452, -0.0721875
110, 0.0487422, 0.032452, -0.0721875
111, 0.0487422, 0.032452, -0.0721875
112, 0.0487422, 0.032452, -0.0721875
113, 0.0487422, 0.032452, -0.0721875
114, 0.0487422, 0.032452, -0.0721875
115, 0.0487422, 0.032452, -0.0721875
116, 0.0487422, 0.032452, -0.0721875
117, 0.0487422, 0.032452, -0.0721875
118, 0.0487422, 0.032452, -0.0721875
119, 0.0487422, 0.032452, -0.0721875
120, 0.0487422, 0.032452, -0.0721875
121, 0.0487422, 0.032452, -0.0721875
122, 0.0487422, 0.032452, -0.0721875
123, 0.0487422, 0.032452, -0.0721875
124, 0.0487422, 0.032452, -0.0721875
125, 0.0487422, 0.032452, -0.0721875
*Step  = 6
*Time  = 0.3
*Data  = E1;E2;E3
1, 0.060943, 0.0381811, -0.08595
2, 0.060943, 0.0381811, -0.08595
3, 0.060943, 0.0381811, -0.08595
4, 0.060943, 0.0381811, -0.08595
5, 0.060943, 0.0381811, -0.08595
6, 0.060943, 0.0381811, -0.08595
7, 0.060943, 0.0381811, -0.08595
8, 0.060943, 0.0381811, -0.08595
9, 0.060943, 0.0381811, -0.08595
10, 0.060943, 0.0381811, -0.08595
11, 0.060943, 0.0381811, -0.08595
12, 0.060943, 0.0381811, -0.08595
13, 0.060943, 0.0381811, -0.08595
14, 0.060943, 0.0381811, -0.08595
15, 0.060943, 0.0381811, -0.08595
16, 0.060943, 0.0381811, -0.08595
17, 0.060943, 0.0381811, -0.08595
18, 0.060943, 0.0381811, -0.08595
19, 0.060943, 0.0381811, -0.08595
20, 0.060943, 0.0381811, -0.08595
21, 0.060943, 0.0381811, -0.08595
22, 0.060943, 0.0381811, -0.08595
23, 0.060943, 0.0381811, -0.08595
24, 0.060943, 0.0381811, -0.08595
25, 0.060943, 0.0381811, -0.08595
26, 0.060943, 0.0381811, -0.08595
27, 0.060943, 0.0381811, -0.08595
28, 0.060943, 0.0381811, -0.08595
29, 0.060943, 0.0381811, -0.08595
30, 0.060943, 0.0381811, -0.08595
31, 0.060943, 0.0381811, -0.08595
32, 0.060943, 0.0381811, -0.08595
33, 0.060943, 0.0381811, -0.08595
34, 0.060943, 0.0381811, -0.08595
35, 0.060943, 0.0381811, -0.08595
36, 0.060943, 0.0381811, -0.08595
37, 0.060943, 0.0381811, -0.08595
38, 0.060943, 0.0381811, -0.08595
39, 0.060943, 0.0381811, -0.08595
40, 0.060943, 0.0381811, -0.08595
41, 0.060943, 0.0381811, -0.08595
42, 0.060943, 0.0381811, -0.08595
43, 0.060943, 0.0381811, -0.08595
44, 0.060943, 0.0381811, -0.08595
45, 0.060943, 0.0381811, -0.08595
46, 0.060943, 0.0381811, -0.08595
47, 0.060943, 0.0381811, -0.08595
48, 0.060943, 0.0381811, -0.08595
49, 0.060943, 0.0381811, -0.08595
50, 0.060943, 0.0381811, -0.08595
51, 0.060943, 0.0381811, -0.08595
52, 0.060943, 0.0381811, -0.08595
53, 0.060943, 0.0381811, -0.08595
54, 0.060943, 0.0381811, -0.08595
55, 0.060943, 0.0381811, -0.08595
56, 0.060943, 0.0381811, -0.08595
57, 0.060943, 0.0381811, -0.08595
58, 0.060943, 0.0381811, -0.08595
59, 0.060943, 0.0381811, -0.08595
60, 0.060943, 0.0381811, -0.08595
61, 0.060943, 0.0381811, -0.08595
62, 0.060943, 0.0381811, -0.08595
63, 0.060943, 0.0381811, -0.08595
64, 0.060943, 0.0381811, -0.08595
65, 0.060943, 0.0381811, -0.08595
66, 0.060943, 0.0381811, -0.08595
67, 0.060943, 0.0381811, -0.08595
68, 0.060943, 0.0381811, -0.08595
69, 0.060943, 0.0381811, -0.08595
70, 0.060943, 0.0381811, -0.08595
71, 0.060943, 0.0381811, -0.08595
72, 0.060943, 0.0381811, -0.08595
73, 0.060943, 0.0381811, -0.08595
74, 0.060943, 0.0381811, -0.08595
75, 0.060943, 0.0381811, -0.08595
76, 0.060943, 0.0381811, -0.08595
77, 0.060943, 0.0381811, -0.08595
78, 0.060943, 0.0381811, -0.08595
79, 0.060943, 0.0381811, -0.08595
80, 0.060943, 0.0381811, -0.08595
81, 0.060943, 0.0381811, -0.08595
82, 0.060943, 0.0381811, -0.08595
83, 0.060943, 0.0381811, -0.08595
84, 0.060943, 0.0381811, -0.08595
85, 0.060943, 0.0381811, -0.08595
86, 0.060943, 0.0381811, -0.08595
87, 0.060943, 0.0381811, -0.08595
88, 0.060943, 0.0381811, -0.08595
89, 0.060943, 0.0381811, -0.08595
90, 0.060943, 0.0381811, -0.08595
91, 0.060943, 0.0381811, -0.08595
92, 0.060943, 0.0381811, -0.08595
93, 0.060943, 0.0381811, -0.08595
94, 0.060943, 0.0381811, -0.08595
95, 0.060943, 0.0381811, -0.08595
96, 0.060943, 0.0381811, -0.08595
97, 0.060943, 0.0381811, -0.08595
98, 0.060943, 0.0381811, -0.08595
99, 0.060943, 0.0381811, -0.08595
100, 0.060943, 0.0381811, -0.08595
101, 0.060943, 0.0381811, -0.08595
102, 0.060943, 0.0381811, -0.08595
103, 0.060943, 0.0381811, -0.08595
104, 0.060943, 0.0381811, -0.08595
105, 0.060943, 0.0381811, -0.08595
106, 0.060943, 0.0381811, -0.08595
107, 0.060943, 0.0381811, -0.08595
108, 0.060943, 0.0381811, -0.08595
109, 0.060943, 0.0381811, -0.08595
110, 0.060943, 0.0381811, -0.08595
111, 0.060943, 0.0381811, -0.08595
112, 0.060943, 0.0381811, -0.08595
113, 0.060943, 0.0381811, -0.08595
114, 0.060943, 0.0381811, -0.08595
115, 0.060943, 0.0381811, -0.08595
116, 0.060943, 0.0381811, -0.08595
117, 0.060943, 0.0381811, -0.08595
118, 0.060943, 0.0381811, -0.08595
119, 0.060943, 0.0381811, -0.08595
120, 0.060943, 0.0381811, -0.08595
121, 0.060943, 0.0381811, -0.08595
122, 0.060943, 0.0381811, -0.08595
123, 0.060943, 0.0381811, -0.08595
124, 0.060943, 0.0381811, -0.08595
125, 0.060943, 0.0381811, -0.08595
*Step  = 7
*Time  = 0.35
*Data  = E1;E2;E3
1, 0.0738174, 0.0438853, -0.0994875
2, 0.0738174, 0.0438853, -0.0994875
3, 0.0738174, 0.0438853, -0.0994875
4, 0.0738174, 0.0438853, -0.0994875
5, 0.0738174, 0.0438853, -0.0994875
6, 0.0738174, 0.0438853, -0.0994875
7, 0.0738174, 0.0438853, -0.0994875
8, 0.0738174, 0.0438853, -0.0994875
9, 0.0738174, 0.0438853, -0.0994875
10, 0.0738174, 0.0438853, -0.0994875
11, 0.0738174, 0.0438853, -0.0994875
12, 0.0738174, 0.0438853, -0.0994875
13, 0.0738174, 0.0438853, -0.0994875
14, 0.0738174, 0.0438853, -0.0994875
15, 0.0738174, 0.0438853, -0.0994875
16, 0.0738174, 0.0438853, -0.0994875
17, 0.0738174, 0.0438853, -0.0994875
18, 0.0738174, 0.0438853, -0.0994875
19, 0.0738174, 0.0438853, -0.0994875
20, 0.0738174, 0.0438853, -0.0994875
21, 0.0738174, 0.0438853, -0.0994875
22, 0.0738174, 0.0438853, -0.0994875
23, 0.0738174, 0.0438853, -0.0994875
24, 0.0738174, 0.0438853, -0.0994875
25, 0.0738174, 0.0438853, -0.0994875
26, 0.0738174, 0.0438853, -0.0994875
27, 0.0738174, 0.0438853, -0.0994875
28, 0.0738174, 0.0438853, -0.0994875
29, 0.0738174, 0.0438853, -0.0994875
30, 0.0738174, 0.0438853, -0.0994875
31, 0.0738174, 0.0438853, -0.0994875
32, 0.0738174, 0.0438853, -0.0994875
33, 0.0738174, 0.0438853, -0.0994875
34, 0.0738174, 0.0438853, -0.0994875
35, 0.0738174, 0.0438853, -0.0994875
36, 0.0738174, 0.0438853, -0.0994875
37, 0.0738174, 0.0438853, -0.0994875
38, 0.0738174, 0.0438853, -0.0994875
39, 0.0738174, 0.0438853, -0.0994875
40, 0.0738174, 0.0438853, -0.0994875
41, 0.0738174, 0.0438853, -0.0994875
42, 0.0738174, 0.0438853, -0.0994875
43, 0.0738174, 0.0438853, -0.0994875
44, 0.0738174, 0.0438853, -0.0994875
45, 0.0738174, 0.0438853, -0.0994875
46, 0.0738174, 0.0438853, -0.0994875
47, 0.0738174, 0.0438853, -0.0994875
48, 0.0738174, 0.0438853, -0.0994875
49, 0.0738174, 0.0438853, -0.0994875
50, 0.0738174, 0.0438853, -0.0994875
51, 0.0738174, 0.0438853, -0.0994875
52, 0.0738174, 0.0438853, -0.0994875
53, 0.0738174, 0.0438853, -0.0994875
54, 0.0738174, 0.0438853, -0.0994875
55, 0.0738174, 0.0438853, -0.0994875
56, 0.0738174, 0.0438853, -0.0994875
57, 0.0738174, 0.0438853, -0.0994875
58, 0.0738174, 0.0438853, -0.0994875
59, 0.0738174, 0.0438853, -0.0994875
60, 0.0738174, 0.0438853, -0.0994875
61, 0.0738174, 0.0438853, -0.0994875
62, 0.0738174, 0.0438853, -0.0994875
63, 0.0738174, 0.0438853, -0.0994875
64, 0.0738174, 0.0438853, -0.0994875
65, 0.0738174, 0.0438853, -0.0994875
66, 0.0738174, 0.0438853, -0.0994875
67, 0.0738174, 0.0438853, -0.0994875
68, 0.0738174, 0.0438853, -0.0994875
69, 0.0738174, 0.0438853, -0.0994875
70, 0.0738174, 0.0438853, -0.0994875
71, 0.0738174, 0.0438853, -0.0994875
72, 0.0738174, 0.0438853, -0.0994875
73, 0.0738174, 0.0438853, -0.0994875
74, 0.0738174, 0.0438853, -0.0994875
75, 0.0738174, 0.0438853, -0.0994875
76, 0.0738174, 0.0438853, -0.0994875
77, 0.0738174, 0.0438853, -0.0994875
78, 0.0738174, 0.0438853, -0.0994875
79, 0.0738174, 0.0438853, -0.0994875
80, 0.0738174, 0.0438853, -0.0994875
81, 0.0738174, 0.0438853, -0.0994875
82, 0.0738174, 0.0438853, -0.0994875
83, 0.0738174, 0.0438853, -0.0994875
84, 0.0738174, 0.0438853, -0.0994875
85, 0.0738174, 0.0438853, -0.0994875
86, 0.0738174, 0.0438853, -0.0994875
87, 0.0738174, 0.0438853, -0.0994875
88, 0.0738174, 0.0438853, -0.0994875
89, 0.0738174, 0.0438853, -0.0994875
90, 0.0738174, 0.0438853, -0.0994875
91, 0.0738174, 0.0438853, -0.0994875
92, 0.0738174, 0.0438853, -0.0994875
93, 0.0738174, 0.0438853, -0.0994875
94, 0.0738174, 0.0438853, -0.0994875
95, 0.0738174, 0.0438853, -0.0994875
96, 0.0738174, 0.0438853, -0.0994875
97, 0.0738174, 0.0438853, -0.0994875
98, 0.0738174, 0.0438853, -0.0994875
99, 0.0738174, 0.0438853, -0.0994875
100, 0.0738174, 0.0438853, -0.0994875
101, 0.0738174, 0.0438853, -0.0994875
102, 0.0738174, 0.0438853, -0.0994875
103, 0.0738174, 0.0438853, -0.0994875
104, 0.0738174, 0.0438853, -0.0994875
105, 0.0738174, 0.0438853, -0.0994875
106, 0.0738174, 0.0438853, -0.0994875
107, 0.0738174, 0.0438853, -0.0994875
108, 0.0738174, 0.0438853, -0.0994875
109, 0.0738174, 0.0438853, -0.0994875
110, 0.0738174, 0.0438853, -0.0994875
111, 0.0738174, 0.0438853, -0.0994875
112, 0.0738174, 0.0438853, -0.0994875
113, 0.0738174, 0.0438853, -0.0994875
114, 0.0738174, 0.0438853, -0.0994875
115, 0.0738174, 0.0438853, -0.0994875
116, 0.0738174, 0.0438853, -0.0994875
117, 0.0738174, 0.0438853, -0.0994875
118, 0.0738174, 0.0438853, -0.0994875
119, 0.0738174, 0.0438853, -0.0994875
120, 0.0738174, 0.0438853, -0.0994875
121, 0.0738174, 0.0438853, -0.0994875
122, 0.0738174, 0.0438853, -0.0994875
123, 0.0738174, 0.0438853, -0.0994875
124, 0.0738174, 0.0438853, -0.0994875
125, 0.0738174, 0.0438853, -0.0994875
*Step  = 8
*Time  = 0.4
*Data  = E1;E2;E3
1, 0.0873283, 0.049639, -0.1128
2, 0.0873283, 0.049639, -0.1128
3, 0.0873283, 0.049639, -0.1128
4, 0.0873283, 0.049639, -0.1128
5, 0.0873283, 0.049639, -0.1128
6, 0.0873283, 0.049639, -0.1128
7, 0.0873283, 0.049639, -0.1128
8, 0.0873283, 0.049639, -0.1128
9, 0.0873283, 0.049639, -0.1128
10, 0.0873283, 0.049639, -0.1128
11, 0.0873283, 0.049639, -0.1128
12, 0.0873283, 0.049639, -0.1128
13, 0.0873283, 0.049639, -0.1128
14, 0.0873283, 0.049639, -0.1128
15, 0.0873283, 0.049639, -0.1128
16, 0.0873283, 0.049639, -0.1128
17, 0.0873283, 0.049639, -0.1128
18, 0.0873283, 0.049639, -0.1128
19, 0.0873283, 0.049639, -0.1128
20, 0.0873283, 0.049639, -0.1128
21, 0.0873283, 0.049639, -0.1128
22, 0.0873283, 0.049639, -0.1128
23, 0.0873283, 0.049639, -0.1128
24, 0.0873283, 0.049639, -0.1128
25, 0.0873283, 0.049639, -0.1128
26, 0.0873283, 0.049639, -0.1128
27, 0.0873283, 0.049639, -0.1128
28, 0.0873283, 0.049639, -0.1128
29, 0.0873283, 0.049639, -0.1128
30, 0.0873283, 0.049639, -0.1128
31, 0.0873283, 0.049639, -0.1128
32, 0.0873283, 0.049639, -0.1128
33, 0.0873283, 0.049639, -0.1128
34, 0.0873283, 0.049639, -0.1128
35, 0.0873283, 0.049639, -0.1128
36, 0.0873283, 0.049639, -0.1128
37, 0.0873283, 0.049639, -0.1128
38, 0.0873283, 0.049639, -0.1128
39, 0.0873283, 0.049639, -0.1128
40, 0.0873283, 0.049639, -0.1128
41, 0.0873283, 0.049639, -0.1128
42, 0.0873283, 0.049639, -0.1128
43, 0.0873283, 0.049639, -0.1128
44, 0.0873283, 0.049639, -0.1128
45, 0.0873283, 0.049639, -0.1128
46, 0.0873283, 0.049639, -0.1128
47, 0.0873283, 0.049639, -0.1128
48, 0.0873283, 0.049639, -0.1128
49, 0.0873283, 0.049639, -0.1128
50, 0.0873283, 0.049639, -0.1128
51, 0.0873283, 0.049639, -0.1128
52, 0.0873283, 0.049639, -0.1128
53, 0.0873283, 0.049639, -0.1128
54, 0.0873283, 0.049639, -0.1128
55, 0.0873283, 0.049639, -0.1128
56, 0.0873283, 0.049639, -0.1128
57, 0.0873283, 0.049639, -0.1128
58, 0.0873283, 0.049639, -0.1128
59, 0.0873283, 0.049639, -0.1128
60, 0.0873283, 0.049639, -0.1128
61, 0.0873283, 0.049639, -0.1128
62, 0.0873283, 0.049639, -0.1128
63, 0.0873283, 0.049639, -0.1128
64, 0.0873283, 0.049639, -0.1128
65, 0.0873283, 0.049639, -0.1128
66, 0.0873283, 0.049639, -0.1128
67, 0.0873283, 0.049639, -0.1128
68, 0.0873283, 0.049639, -0.1128
69, 0.0873283, 0.049639, -0.1128
70, 0.0873283, 0.049639, -0.1128
71, 0.0873283, 0.049639, -0.1128
72, 0.0873283, 0.049639, -0.1128
73, 0.0873283, 0.049639, -0.1128
74, 0.0873283, 0.049639, -0.1128
75, 0.0873283, 0.049639, -0.1128
76, 0.0873283, 0.049639, -0.1128
77, 0.0873283, 0.049639, -0.1128
78, 0.0873283, 0.049639, -0.1128
79, 0.0873283, 0.049639, -0.1128
80, 0.0873283, 0.049639, -0.1128
81, 0.0873283, 0.049639, -0.1128
82, 0.0873283, 0.049639, -0.1128
83, 0.0873283, 0.049639, -0.1128
84, 0.0873283, 0.049639, -0.1128
85, 0.0873283, 0.049639, -0.1128
86, 0.0873283, 0.049639, -0.1128
87, 0.0873283, 0.049639, -0.1128
88, 0.0873283, 0.049639, -0.1128
89, 0.0873283, 0.049639, -0.1128
90, 0.0873283, 0.049639, -0.1128
91, 0.0873283, 0.049639, -0.1128
92, 0.0873283, 0.049639, -0.1128
93, 0.0873283, 0.049639, -0.1128
94, 0.0873283, 0.049639, -0.1128
95, 0.0873283, 0.049639, -0.1128
96, 0.0873283, 0.049639, -0.1128
97, 0.0873283, 0.049639, -0.1128
98, 0.0873283, 0.049639, -0.1128
99, 0.0873283, 0.049639, -0.1128
100, 0.0873283, 0.049639, -0.1128
101, 0.0873283, 0.049639, -0.1128
102, 0.0873283, 0.049639, -0.1128
103, 0.0873283, 0.049639, -0.1128
104, 0.0873283, 0.049639, -0.1128
105, 0.0873283, 0.049639, -0.1128
106, 0.0873283, 0.049639, -0.1128
107, 0.0873283, 0.049639, -0.1128
108, 0.0873283, 0.049639, -0.1128
109, 0.0873283, 0.049639, -0.1128
110, 0.0873283, 0.049639, -0.1128
111, 0.0873283, 0.049639, -0.1128
112, 0.0873283, 0.049639, -0.1128
113, 0.0873283, 0.049639, -0.1128
114, 0.0873283, 0.049639, -0.1128
115, 0.0873283, 0.049639, -0.1128
116, 0.0873283, 0.049639, -0.1128
117, 0.0873283, 0.049639, -0.1128
118, 0.0873283, 0.049639, -0.1128
119, 0.0873283, 0.049639, -0.1128
120, 0.0873283, 0.049639, -0.1128
121, 0.0873283, 0.049639, -0.1128
122, 0.0873283, 0.049639, -0.1128
123, 0.0873283, 0.049639, -0.1128
124, 0.0873283, 0.049639, -0.1128
125, 0.0873283, 0.049639, -0.1128
*Step  = 9
*Time  = 0.45
*Data  = E1;E2;E3
1, 0.10145, 0.0555054, -0.125887
2, 0.10145, 0.0555054, -0.125887
3, 0.10145, 0.0555054, -0.125887
4, 0.10145, 0.0555054, -0.125887
5, 0.10145, 0.0555054, -0.125887
6, 0.10145, 0.0555054, -0.125887
7, 0.10145, 0.0555054, -0.125888
8, 0.10145, 0.0555054, -0.125888
9, 0.10145, 0.0555054, -0.125887
10, 0.10145, 0.0555054, -0.125887
11, 0.10145, 0.0555054, -0.125888
12, 0.10145, 0.0555054, -0.125888
13, 0.10145, 0.0555054, -0.125888
14, 0.10145, 0.0555054, -0.125887
15, 0.10145, 0.0555054, -0.125887
16, 0.10145, 0.0555054, -0.125888
17, 0.10145, 0.0555054, -0.125888
18, 0.10145, 0.0555054, -0.125888
19, 0.10145, 0.0555054, -0.125888
20, 0.10145, 0.0555054, -0.125887
21, 0.10145, 0.0555054, -0.125887
22, 0.10145, 0.0555054, -0.125888
23, 0.10145, 0.0555054, -0.125888
24, 0.10145, 0.0555054, -0.125888
25, 0.10145, 0.0555054, -0.125887
26, 0.10145, 0.0555054, -0.125888
27, 0.10145, 0.0555054, -0.125887
28, 0.10145, 0.0555054, -0.125887
29, 0.10145, 0.0555054, -0.125887
30, 0.10145, 0.0555054, -0.125887
31, 0.10145, 0.0555054, -0.125888
32, 0.10145, 0.0555054, -0.125887
33, 0.10145, 0.0555054, -0.125887
34, 0.10145, 0.0555054, -0.125887
35, 0.10145, 0.0555054, -0.125887
36, 0.10145, 0.0555054, -0.125888
37, 0.10145, 0.0555054, -0.125888
38, 0.10145, 0.0555054, -0.125888
39, 0.10145, 0.0555054, -0.125888
40, 0.10145, 0.0555054, -0.125887
41, 0.10145, 0.0555054, -0.125888
42, 0.10145, 0.0555054, -0.125888
43, 0.10145, 0.0555054, -0.125887
44, 0.10145, 0.0555054, -0.125888
45, 0.10145, 0.0555054, -0.125887
46, 0.10145, 0.0555054, -0.125888
47, 0.10145, 0.0555054, -0.125888
48, 0.10145, 0.0555054, -0.125888
49, 0.10145, 0.0555054, -0.125887
50, 0.10145, 0.0555054, -0.125888
51, 0.10145, 0.0555054, -0.125887
52, 0.10145, 0.0555054, -0.125888
53, 0.10145, 0.0555054, -0.125888
54, 0.10145, 0.0555054, -0.125888
55, 0.10145, 0.0555054, -0.125887
56, 0.10145, 0.0555054, -0.125887
57, 0.10145, 0.0555054, -0.125888
58, 0.10145, 0.0555054, -0.125888
59, 0.10145, 0.0555054, -0.125887
60, 0.10145, 0.0555054, -0.125887
61, 0.10145, 0.0555054, -0.125887
62, 0.10145, 0.0555054, -0.125888
63, 0.10145, 0.0555054, -0.125888
64, 0.10145, 0.0555054, -0.125887
65, 0.10145, 0.0555054, -0.125887
66, 0.10145, 0.0555054, -0.125888
67, 0.10145, 0.0555054, -0.125888
68, 0.10145, 0.0555054, -0.125888
69, 0.10145, 0.0555054, -0.125887
70, 0.10145, 0.0555054, -0.125887
71, 0.10145, 0.0555054, -0.125888
72, 0.10145, 0.0555054, -0.125888
73, 0.10145, 0.0555054, -0.125887
74, 0.10145, 0.0555054, -0.125887
75, 0.10145, 0.0555054, -0.125887
76, 0.10145, 0.0555054, -0.125888
77, 0.10145, 0.0555054, -0.125887
78, 0.10145, 0.0555054, -0.125888
79, 0.10145, 0.0555054, -0.125888
80, 0.10145, 0.0555054, -0.125887
81, 0.10145, 0.0555054, -0.125888
82, 0.10145, 0.0555054, -0.125887
83, 0.10145, 0.0555054, -0.125888
84, 0.10145, 0.0555054, -0.125887
85, 0.10145, 0.0555054, -0.125887
86, 0.10145, 0.0555054, -0.125888
87, 0.10145, 0.0555054, -0.125887
88, 0.10145, 0.0555054, -0.125887
89, 0.10145, 0.0555054, -0.125887
90, 0.10145, 0.0555054, -0.125887
91, 0.10145, 0.0555054, -0.125887
92, 0.10145, 0.0555054, -0.125887
93, 0.10145, 0.0555054, -0.125887
94, 0.10145, 0.0555054, -0.125887
95, 0.10145, 0.0555054, -0.125888
96, 0.10145, 0.0555054, -0.125888
97, 0.10145, 0.0555054, -0.125887
98, 0.10145, 0.0555054, -0.125887
99, 0.10145, 0.0555054, -0.125887
100, 0.10145, 0.0555054, -0.125887
101, 0.10145, 0.0555054, -0.125888
102, 0.10145, 0.0555054, -0.125888
103, 0.10145, 0.0555054, -0.125887
104, 0.10145, 0.0555054, -0.125888
105, 0.10145, 0.0555054, -0.125888
106, 0.10145, 0.0555054, -0.125887
107, 0.10145, 0.0555054, -0.125887
108, 0.10145, 0.0555054, -0.125887
109, 0.10145, 0.0555054, -0.125888
110, 0.10145, 0.0555054, -0.125888
111, 0.10145, 0.0555054, -0.125887
112, 0.10145, 0.0555054, -0.125887
113, 0.10145, 0.0555054, -0.125887
114, 0.10145, 0.0555054, -0.125888
115, 0.10145, 0.0555054, -0.125888
116, 0.10145, 0.0555054, -0.125887
117, 0.10145, 0.0555054, -0.125887
118, 0.10145, 0.0555054, -0.125887
119, 0.10145, 0.0555054, -0.125887
120, 0.10145, 0.0555054, -0.125888
121, 0.10145, 0.0555054, -0.125888
122, 0.10145, 0.0555054, -0.125887
123, 0.10145, 0.0555054, -0.125887
124, 0.10145, 0.0555054, -0.125888
125, 0.10145, 0.0555054, -0.125887
*Step  = 10
*Time  = 0.5
*Data  = E1;E2;E3
1, 0.116166, 0.0615386, -0.13875
2, 0.116166, 0.0615386, -0.13875
3, 0.116166, 0.0615386, -0.13875
4, 0.116166, 0.0615386, -0.13875
5, 0.116166, 0.0615386, -0.13875
6, 0.116166, 0.0615386, -0.13875
7, 0.116166, 0.0615386, -0.13875
8, 0.116166, 0.0615386, -0.13875
9, 0.116166, 0.0615386, -0.13875
10, 0.116166, 0.0615386, -0.13875
11, 0.116166, 0.0615386, -0.13875
12, 0.116166, 0.0615386, -0.13875
13, 0.116166, 0.0615386, -0.13875
14, 0.116166, 0.0615386, -0.13875
15, 0.116166, 0.0615386, -0.13875
16, 0.116166, 0.0615386, -0.13875
17, 0.116166, 0.0615386, -0.13875
18, 0.116166, 0.0615386, -0.13875
19, 0.116166, 0.0615386, -0.13875
20, 0.116166, 0.0615386, -0.13875
21, 0.116166, 0.0615386, -0.13875
22, 0.116166, 0.0615386, -0.13875
23, 0.116166, 0.0615386, -0.13875
24, 0.116166, 0.0615386, -0.13875
25, 0.116166, 0.0615386, -0.13875
26, 0.116166, 0.0615386, -0.13875
27, 0.116166, 0.0615386, -0.13875
28, 0.116166, 0.0615386, -0.13875
29, 0.116166, 0.0615386, -0.13875
30, 0.116166, 0.0615386, -0.13875
31, 0.116166, 0.0615386, -0.13875
32, 0.116166, 0.0615386, -0.13875
33, 0.116166, 0.0615386, -0.13875
34, 0.116166, 0.0615386, -0.13875
35, 0.116166, 0.0615386, -0.13875
36, 0.116166, 0.0615386, -0.13875
37, 0.116166, 0.0615386, -0.13875
38, 0.116166, 0.0615386, -0.13875
39, 0.116166, 0.0615386, -0.13875
40, 0.116166, 0.0615386, -0.13875
41, 0.116166, 0.0615386, -0.13875
42, 0.116166, 0.0615386, -0.13875
43, 0.116166, 0.0615386, -0.13875
44, 0.116166, 0.0615386, -0.13875
45, 0.116166, 0.0615386, -0.13875
46, 0.116166, 0.0615386, -0.13875
47, 0.116166, 0.0615386, -0.13875
48, 0.116166, 0.0615386, -0.13875
49, 0.116166, 0.0615386, -0.13875
50, 0.116166, 0.0615386, -0.13875
51, 0.116166, 0.0615386, -0.13875
52, 0.116166, 0.0615386, -0.13875
53, 0.116166, 0.0615386, -0.13875
54, 0.116166, 0.0615386, -0.13875
55, 0.116166, 0.0615386, -0.13875
56, 0.116166, 0.0615386, -0.13875
57, 0.116166, 0.0615386, -0.13875
58, 0.116166, 0.0615386, -0.13875
59, 0.116166, 0.0615386, -0.13875
60, 0.116166, 0.0615386, -0.13875
61, 0.116166, 0.0615386, -0.13875
62, 0.116166, 0.0615386, -0.13875
63, 0.116166, 0.0615386, -0.13875
64, 0.116166, 0.0615386, -0.13875
65, 0.116166, 0.0615386, -0.13875
66, 0.116166, 0.0615386, -0.13875
67, 0.116166, 0.0615386, -0.13875
68, 0.116166, 0.0615386, -0.13875
69, 0.116166, 0.0615386, -0.13875
70, 0.116166, 0.0615386, -0.13875
71, 0.116166, 0.0615386, -0.13875
72, 0.116166, 0.0615386, -0.13875
73, 0.116166, 0.0615386, -0.13875
74, 0.116166, 0.0615386, -0.13875
75, 0.116166, 0.0615386, -0.13875
76, 0.116166, 0.0615386, -0.13875
77, 0.116166, 0.0615386, -0.13875
78, 0.116166, 0.0615386, -0.13875
79, 0.116166, 0.0615386, -0.13875
80, 0.116166, 0.0615386, -0.13875
81, 0.116166, 0.0615386, -0.13875
82, 0.116166, 0.0615386, -0.13875
83, 0.116166, 0.0615386, -0.13875
84, 0.116166, 0.0615386, -0.13875
85, 0.116166, 0.0615386, -0.13875
86, 0.116166, 0.0615386, -0.13875
87, 0.116166, 0.0615386, -0.13875
88, 0.116166, 0.0615386, -0.13875
89, 0.116166, 0.0615386, -0.13875
90, 0.116166, 0.0615386, -0.13875
91, 0.116166, 0.0615386, -0.13875
92, 0.116166, 0.0615386, -0.13875
93, 0.116166, 0.0615386, -0.13875
94, 0.116166, 0.0615386, -0.13875
95, 0.116166, 0.0615386, -0.13875
96, 0.116166, 0.0615386, -0.13875
97, 0.116166, 0.0615386, -0.13875
98, 0.116166, 0.0615386, -0.13875
99, 0.116166, 0.0615386, -0.13875
100, 0.116166, 0.0615386, -0.13875
101, 0.116166, 0.0615386, -0.13875
102, 0.116166, 0.0615386, -0.13875
103, 0.116166, 0.0615386, -0.13875
104, 0.116166, 0.0615386, -0.13875
105, 0.116166, 0.0615386, -0.13875
106, 0.116166, 0.0615386, -0.13875
107, 0.116166, 0.0615386, -0.13875
108, 0.116166, 0.0615386, -0.13875
109, 0.116166, 0.0615386, -0.13875
110, 0.116166, 0.0615386, -0.13875
111, 0.116166, 0.0615386, -0.13875
112, 0.116166, 0.0615386, -0.13875
113, 0.116166, 0.0615386, -0.13875
114, 0.116166, 0.0615386, -0.13875
115, 0.116166, 0.0615386, -0.13875
116, 0.116166, 0.0615386, -0.13875
117, 0.116166, 0.0615386, -0.13875
118, 0.116166, 0.0615386, -0.13875
119, 0.116166, 0.0615386, -0.13875
120, 0.116166, 0.0615386, -0.13875
121, 0.116166, 0.0615386, -0.13875
122, 0.116166, 0.0615386, -0.13875
123, 0.116166, 0.0615386, -0.13875
124, 0.116166, 0.0615386, -0.13875
125, 0.116166, 0.0615386, -0.13875
*Step  = 11
*Time  = 0.55
*Data  = E1;E2;E3
1, 0.13147, 0.0677858, -0.151387
2, 0.13147, 0.0677858, -0.151387
3, 0.13147, 0.0677858, -0.151387
4, 0.13147, 0.0677858, -0.151387
5, 0.13147, 0.0677858, -0.151387
6, 0.13147, 0.0677858, -0.151388
7, 0.13147, 0.0677858, -0.151387
8, 0.13147, 0.0677858, -0.151387
9, 0.13147, 0.0677858, -0.151388
10, 0.13147, 0.0677858, -0.151387
11, 0.13147, 0.0677858, -0.151388
12, 0.13147, 0.0677858, -0.151387
13, 0.13147, 0.0677858, -0.151387
14, 0.13147, 0.0677858, -0.151387
15, 0.13147, 0.0677858, -0.151387
16, 0.13147, 0.0677858, -0.151388
17, 0.13147, 0.0677858, -0.151387
18, 0.13147, 0.0677858, -0.151387
19, 0.13147, 0.0677858, -0.151388
20, 0.13147, 0.0677858, -0.151387
21, 0.13147, 0.0677858, -0.151387
22, 0.13147, 0.0677858, -0.151387
23, 0.13147, 0.0677858, -0.151387
24, 0.13147, 0.0677858, -0.151387
25, 0.13147, 0.0677858, -0.151387
26, 0.13147, 0.0677858, -0.151388
27, 0.13147, 0.0677858, -0.151388
28, 0.13147, 0.0677858, -0.151387
29, 0.13147, 0.0677858, -0.151387
30, 0.13147, 0.0677858, -0.151387
31, 0.13147, 0.0677858, -0.151388
32, 0.13147, 0.0677858, -0.151388
33, 0.13147, 0.0677858, -0.151388
34, 0.13147, 0.0677858, -0.151388
35, 0.13147, 0.0677858, -0.151388
36, 0.13147, 0.0677858, -0.151388
37, 0.13147, 0.0677858, -0.151388
38, 0.13147, 0.0677858, -0.151387
39, 0.13147, 0.0677858, -0.151387
40, 0.13147, 0.0677858, -0.151388
41, 0.13147, 0.0677858, -0.151388
42, 0.13147, 0.0677858, -0.151388
43, 0.13147, 0.0677858, -0.151388
44, 0.13147, 0.0677858, -0.151387
45, 0.13147, 0.0677858, -0.151388
46, 0.13147, 0.0677858, -0.151388
47, 0.13147, 0.0677858, -0.151388
48, 0.13147, 0.0677858, -0.151387
49, 0.13147, 0.0677858, -0.151387
50, 0.13147, 0.0677858, -0.151388
51, 0.13147, 0.0677858, -0.151388
52, 0.13147, 0.0677858, -0.151387
53, 0.13147, 0.0677858, -0.151387
54, 0.13147, 0.0677858, -0.151387
55, 0.13147, 0.0677858, -0.151387
56, 0.13147, 0.0677858, -0.151388
57, 0.13147, 0.0677858, -0.151388
58, 0.13147, 0.0677858, -0.151388
59, 0.13147, 0.0677858, -0.151387
60, 0.13147, 0.0677858, -0.151387
61, 0.13147, 0.0677858, -0.151388
62, 0.13147, 0.0677858, -0.151387
63, 0.13147, 0.0677858, -0.151388
64, 0.13147, 0.0677858, -0.151388
65, 0.13147, 0.0677858, -0.151387
66, 0.13147, 0.0677858, -0.151388
67, 0.13147, 0.0677858, -0.151388
68, 0.13147, 0.0677858, -0.151388
69, 0.13147, 0.0677858, -0.151387
70, 0.13147, 0.0677858, -0.151387
71, 0.13147, 0.0677858, -0.151388
72, 0.13147, 0.0677858, -0.151388
73, 0.13147, 0.0677858, -0.151387
74, 0.13147, 0.0677858, -0.151387
75, 0.13147, 0.0677858, -0.151387
76, 0.13147, 0.0677858, -0.151388
77, 0.13147, 0.0677858, -0.151388
78, 0.13147, 0.0677858, -0.151388
79, 0.13147, 0.0677858, -0.151388
80, 0.13147, 0.0677858, -0.151387
81, 0.13147, 0.0677858, -0.151388
82, 0.13147, 0.0677858, -0.151387
83, 0.13147, 0.0677858, -0.151388
84, 0.13147, 0.0677858, -0.151388
85, 0.13147, 0.0677858, -0.151387
86, 0.13147, 0.0677858, -0.151388
87, 0.13147, 0.0677858, -0.151387
88, 0.13147, 0.0677858, -0.151387
89, 0.13147, 0.0677858, -0.151388
90, 0.13147, 0.0677858, -0.151388
91, 0.13147, 0.0677858, -0.151387
92, 0.13147, 0.0677858, -0.151387
93, 0.13147, 0.0677858, -0.151387
94, 0.13147, 0.0677858, -0.151388
95, 0.13147, 0.0677858, -0.151388
96, 0.13147, 0.0677858, -0.151388
97, 0.13147, 0.0677858, -0.151388
98, 0.13147, 0.0677858, -0.151388
99, 0.13147, 0.0677858, -0.151388
100, 0.13147, 0.0677858, -0.151388
101, 0.13147, 0.0677858, -0.151388
102, 0.13147, 0.0677858, -0.151388
103, 0.13147, 0.0677858, -0.151387
104, 0.13147, 0.0677858, -0.151388
105, 0.13147, 0.0677858, -0.151388
106, 0.13147, 0.0677858, -0.151387
107, 0.13147, 0.0677858, -0.151387
108, 0.13147, 0.0677858, -0.151388
109, 0.13147, 0.0677858, -0.151388
110, 0.13147, 0.0677858, -0.151388
111, 0.13147, 0.0677858, -0.151387
112, 0.13147, 0.0677858, -0.151388
113, 0.13147, 0.0677858, -0.151387
114, 0.13147, 0.0677858, -0.151387
115, 0.13147, 0.0677858, -0.151387
116, 0.13147, 0.0677858, -0.151387
117, 0.13147, 0.0677858, -0.151387
118, 0.13147, 0.0677858, -0.151388
119, 0.13147, 0.0677858, -0.151387
120, 0.13147, 0.0677858, -0.151388
121, 0.13147, 0.0677858, -0.151387
122, 0.13147, 0.0677858, -0.151387
123, 0.13147, 0.0677858, -0.151388
124, 0.13147, 0.0677858, -0.151388
125, 0.13147, 0.0677858, -0.151388
*Step  = 12
*Time  = 0.6
*Data  = E1;E2;E3
1, 0.14736, 0.0742886, -0.1638
2, 0.14736, 0.0742886, -0.1638
3, 0.14736, 0.0742886, -0.1638
4, 0.14736, 0.0742886, -0.1638
5, 0.14736, 0.0742886, -0.1638
6, 0.14736, 0.0742886, -0.1638
7, 0.14736, 0.0742886, -0.1638
8, 0.14736, 0.0742886, -0.1638
9, 0.14736, 0.0742886, -0.1638
10, 0.14736, 0.0742886, -0.1638
11, 0.14736, 0.0742886, -0.1638
12, 0.14736, 0.0742886, -0.1638
13, 0.14736, 0.0742886, -0.1638
14, 0.14736, 0.0742886, -0.1638
15, 0.14736, 0.0742886, -0.1638
16, 0.14736, 0.0742886, -0.1638
17, 0.14736, 0.0742886, -0.1638
18, 0.14736, 0.0742886, -0.1638
19, 0.14736, 0.0742886, -0.1638
20, 0.14736, 0.0742886, -0.1638
21, 0.14736, 0.0742886, -0.1638
22, 0.14736, 0.0742886, -0.1638
23, 0.14736, 0.0742886, -0.1638
24, 0.14736, 0.0742886, -0.1638
25, 0.14736, 0.0742886, -0.1638
26, 0.14736, 0.0742886, -0.1638
27, 0.14736, 0.0742886, -0.1638
28, 0.14736, 0.0742886, -0.1638
29, 0.14736, 0.0742886, -0.1638
30, 0.14736, 0.0742886, -0.1638
31, 0.14736, 0.0742886, -0.1638
32, 0.14736, 0.0742886, -0.1638
33, 0.14736, 0.0742886, -0.1638
34, 0.14736, 0.0742886, -0.1638
35, 0.14736, 0.0742886, -0.1638
36, 0.14736, 0.0742886, -0.1638
37, 0.14736, 0.0742886, -0.1638
38, 0.14736, 0.0742886, -0.1638
39, 0.14736, 0.0742886, -0.1638
40, 0.14736, 0.0742886, -0.1638
41, 0.14736, 0.0742886, -0.1638
42, 0.14736, 0.0742886, -0.1638
43, 0.14736, 0.0742886, -0.1638
44, 0.14736, 0.0742886, -0.1638
45, 0.14736, 0.0742886, -0.1638
46, 0.14736, 0.0742886, -0.1638
47, 0.14736, 0.0742886, -0.1638
48, 0.14736, 0.0742886, -0.1638
49, 0.14736, 0.0742886, -0.1638
50, 0.14736, 0.0742886, -0.1638
51, 0.14736, 0.0742886, -0.1638
52, 0.14736, 0.0742886, -0.1638
53, 0.14736, 0.0742886, -0.1638
54, 0.14736, 0.0742886, -0.1638
55, 0.14736, 0.0742886, -0.1638
56, 0.14736, 0.0742886, -0.1638
57, 0.14736, 0.0742886, -0.1638
58, 0.14736, 0.0742886, -0.1638
59, 0.14736, 0.0742886, -0.1638
60, 0.14736, 0.0742886, -0.1638
61, 0.14736, 0.0742886, -0.1638
62, 0.14736, 0.0742886, -0.1638
63, 0.14736, 0.0742886, -0.1638
64, 0.14736, 0.0742886, -0.1638
65, 0.14736, 0.0742886, -0.1638
66, 0.14736, 0.0742886, -0.1638
67, 0.14736, 0.0742886, -0.1638
68, 0.14736, 0.0742886, -0.1638
69, 0.14736, 0.0742886, -0.1638
70, 0.14736, 0.0742886, -0.1638
71, 0.14736, 0.0742886, -0.1638
72, 0.14736, 0.0742886, -0.1638
73, 0.14736, 0.0742886, -0.1638
74, 0.14736, 0.0742886, -0.1638
75, 0.14736, 0.0742886, -0.1638
76, 0.14736, 0.0742886, -0.1638
77, 0.14736, 0.0742886, -0.1638
78, 0.14736, 0.0742886, -0.1638
79, 0.14736, 0.0742886, -0.1638
80, 0.14736, 0.0742886, -0.1638
81, 0.14736, 0.0742886, -0.1638
82, 0.14736, 0.0742886, -0.1638
83, 0.14736, 0.0742886, -0.1638
84, 0.14736, 0.0742886, -0.1638
85, 0.14736, 0.0742886, -0.1638
86, 0.14736, 0.0742886, -0.1638
87, 0.14736, 0.0742886, -0.1638
88, 0.14736, 0.0742886, -0.1638
89, 0.14736, 0.0742886, -0.1638
90, 0.14736, 0.0742886, -0.1638
91, 0.14736, 0.0742886, -0.1638
92, 0.14736, 0.0742886, -0.1638
93, 0.14736, 0.0742886, -0.1638
94, 0.14736, 0.0742886, -0.1638
95, 0.14736, 0.0742886, -0.1638
96, 0.14736, 0.0742886, -0.1638
97, 0.14736, 0.0742886, -0.1638
98, 0.14736, 0.0742886, -0.1638
99, 0.14736, 0.0742886, -0.1638
100, 0.14736, 0.0742886, -0.1638
101, 0.14736, 0.0742886, -0.1638
102, 0.14736, 0.0742886, -0.1638
103, 0.14736, 0.0742886, -0.1638
104, 0.14736, 0.0742886, -0.1638
105, 0.14736, 0.0742886, -0.1638
106, 0.14736, 0.0742886, -0.1638
107, 0.14736, 0.0742886, -0.1638
108, 0.14736, 0.0742886, -0.1638
109, 0.14736, 0.0742886, -0.1638
110, 0.14736, 0.0742886, -0.1638
111, 0.14736, 0.0742886, -0.1638
112, 0.14736, 0.0742886, -0.1638
113, 0.14736, 0.0742886, -0.1638
114, 0.14736, 0.0742886, -0.1638
115, 0.14736, 0.0742886, -0.1638
116, 0.14736, 0.0742886, -0.1638
117, 0.14736, 0.0742886, -0.1638
118, 0.14736, 0.0742886, -0.1638
119, 0.14736, 0.0742886, -0.1638
120, 0.14736, 0.0742886, -0.1638
121, 0.14736, 0.0742886, -0.1638
122, 0.14736, 0.0742886, -0.1638
123, 0.14736, 0.0742886, -0.1638
124, 0.14736, 0.0742886, -0.1638
125, 0.14736, 0.0742886, -0.1638
*Step  = 13
*Time  = 0.65
*Data  = E1;E2;E3
1, 0.163843, 0.0810838, -0.175987
2, 0.163843, 0.0810838, -0.175987
3, 0.163843, 0.0810838, -0.175987
4, 0.163843, 0.0810838, -0.175987
5, 0.163843, 0.0810838, -0.175987
6, 0.163843, 0.0810838, -0.175988
7, 0.163843, 0.0810838, -0.175988
8, 0.163843, 0.0810838, -0.175988
9, 0.163843, 0.0810838, -0.175988
10, 0.163843, 0.0810838, -0.175988
11, 0.163843, 0.0810838, -0.175988
12, 0.163843, 0.0810838, -0.175987
13, 0.163843, 0.0810838, -0.175988
14, 0.163843, 0.0810838, -0.175988
15, 0.163843, 0.0810838, -0.175988
16, 0.163843, 0.0810838, -0.175988
17, 0.163843, 0.0810838, -0.175987
18, 0.163843, 0.0810838, -0.175988
19, 0.163843, 0.0810838, -0.175987
20, 0.163843, 0.0810838, -0.175987
21, 0.163843, 0.0810838, -0.175988
22, 0.163843, 0.0810838, -0.175987
23, 0.163843, 0.0810838, -0.175987
24, 0.163843, 0.0810838, -0.175987
25, 0.163843, 0.0810838, -0.175987
26, 0.163843, 0.0810838, -0.175988
27, 0.163843, 0.0810838, -0.175988
28, 0.163843, 0.0810838, -0.175988
29, 0.163843, 0.0810838, -0.175988
30, 0.163843, 0.0810838, -0.175988
31, 0.163843, 0.0810838, -0.175988
32, 0.163843, 0.0810838, -0.175988
33, 0.163843, 0.0810838, -0.175988
34, 0.163843, 0.0810838, -0.175988
35, 0.163843, 0.0810838, -0.175988
36, 0.163843, 0.0810838, -0.175988
37, 0.163843, 0.0810838, -0.175988
38, 0.163843, 0.0810838, -0.175987
39, 0.163843, 0.0810838, -0.175988
40, 0.163843, 0.0810838, -0.175988
41, 0.163843, 0.0810838, -0.175988
42, 0.163843, 0.0810838, -0.175987
43, 0.163843, 0.0810838, -0.175987
44, 0.163843, 0.0810838, -0.175988
45, 0.163843, 0.0810838, -0.175987
46, 0.163843, 0.0810838, -0.175988
47, 0.163843, 0.0810838, -0.175988
48, 0.163843, 0.0810838, -0.175987
49, 0.163843, 0.0810838, -0.175988
50, 0.163843, 0.0810838, -0.175988
51, 0.163843, 0.0810838, -0.175988
52, 0.163843, 0.0810838, -0.175988
53, 0.163843, 0.0810838, -0.175987
54, 0.163843, 0.0810838, -0.175987
55, 0.163843, 0.0810838, -0.175987
56, 0.163843, 0.0810838, -0.175988
57, 0.163843, 0.0810838, -0.175988
58, 0.163843, 0.0810838, -0.175988
59, 0.163843, 0.0810838, -0.175988
60, 0.163843, 0.0810838, -0.175988
61, 0.163843, 0.0810838, -0.175988
62, 0.163843, 0.0810838, -0.175988
63, 0.163843, 0.0810838, -0.175988
64, 0.163843, 0.0810838, -0.175988
65, 0.163843, 0.0810838, -0.175988
66, 0.163843, 0.0810838, -0.175988
67, 0.163843, 0.0810838, -0.175988
68, 0.163843, 0.0810838, -0.175988
69, 0.163843, 0.0810838, -0.175988
70, 0.163843, 0.0810838, -0.175988
71, 0.163843, 0.0810838, -0.175988
72, 0.163843, 0.0810838, -0.175988
73, 0.163843, 0.0810838, -0.175988
74, 0.163843, 0.0810838, -0.175988
75, 0.163843, 0.0810838, -0.175988
76, 0.163843, 0.0810838, -0.175988
77, 0.163843, 0.0810838, -0.175988
78, 0.163843, 0.0810838, -0.175988
79, 0.163843, 0.0810838, -0.175987
80, 0.163843, 0.0810838, -0.175987
81, 0.163843, 0.0810838, -0.175987
82, 0.163843, 0.0810838, -0.175988
83, 0.163843, 0.0810838, -0.175988
84, 0.163843, 0.0810838, -0.175987
85, 0.163843, 0.0810838, -0.175987
86, 0.163843, 0.0810838, -0.175987
87, 0.163843, 0.0810838, -0.175988
88, 0.163843, 0.0810838, -0.175988
89, 0.163843, 0.0810838, -0.175987
90, 0.163843, 0.0810838, -0.175987
91, 0.163843, 0.0810838, -0.175987
92, 0.163843, 0.0810838, -0.175988
93, 0.163843, 0.0810838, -0.175988
94, 0.163843, 0.0810838, -0.175988
95, 0.163843, 0.0810838, -0.175987
96, 0.163843, 0.0810838, -0.175987
97, 0.163843, 0.0810838, -0.175988
98, 0.163843, 0.0810838, -0.175988
99, 0.163843, 0.0810838, -0.175988
100, 0.163843, 0.0810838, -0.175987
101, 0.163843, 0.0810838, -0.175987
102, 0.163843, 0.0810838, -0.175988
103, 0.163843, 0.0810838, -0.175988
104, 0.163843, 0.0810838, -0.175988
105, 0.163843, 0.0810838, -0.175988
106, 0.163843, 0.0810838, -0.175987
107, 0.163843, 0.0810838, -0.175987
108, 0.163843, 0.0810838, -0.175988
109, 0.163843, 0.0810838, -0.175987
110, 0.163843, 0.0810838, -0.175987
111, 0.163843, 0.0810838, -0.175987
112, 0.163843, 0.0810838, -0.175988
113, 0.163843, 0.0810838, -0.175988
114, 0.163843, 0.0810838, -0.175987
115, 0.163843, 0.0810838, -0.175987
116, 0.163843, 0.0810838, -0.175987
117, 0.163843, 0.0810838, -0.175988
118, 0.163843, 0.0810838, -0.175988
119, 0.163843, 0.0810838, -0.175987
120, 0.163843, 0.0810838, -0.175987
121, 0.163843, 0.0810838, -0.175987
122, 0.163843, 0.0810838, -0.175988
123, 0.163843, 0.0810838, -0.175988
124, 0.163843, 0.0810838, -0.175988
125, 0.163843, 0.0810838, -0.175988
*Step  = 14
*Time  = 0.7
*Data  = E1;E2;E3
1, 0.180933, 0.0882052, -0.18795
2, 0.180933, 0.0882052, -0.18795
3, 0.180933, 0.0882052, -0.18795
4, 0.180933, 0.0882052, -0.18795
5, 0.180933, 0.0882052, -0.18795
6, 0.180933, 0.0882052, -0.18795
7, 0.180933, 0.0882052, -0.18795
8, 0.180933, 0.0882052, -0.18795
9, 0.180933, 0.0882052, -0.18795
10, 0.180933, 0.0882052, -0.18795
11, 0.180933, 0.0882052, -0.18795
12, 0.180933, 0.0882052, -0.18795
13, 0.180933, 0.0882052, -0.18795
14, 0.180933, 0.0882052, -0.18795
15, 0.180933, 0.0882052, -0.18795
16, 0.180933, 0.0882052, -0.18795
17, 0.180933, 0.0882052, -0.18795
18, 0.180933, 0.0882052, -0.18795
19, 0.180933, 0.0882052, -0.18795
20, 0.180933, 0.0882052, -0.18795
21, 0.180933, 0.0882052, -0.18795
22, 0.180933, 0.0882052, -0.18795
23, 0.180933, 0.0882052, -0.18795
24, 0.180933, 0.0882052, -0.18795
25, 0.180933, 0.0882052, -0.18795
26, 0.180933, 0.0882052, -0.18795
27, 0.180933, 0.0882052, -0.18795
28, 0.180933, 0.0882052, -0.18795
29, 0.180933, 0.0882052, -0.18795
30, 0.180933, 0.0882052, -0.18795
31, 0.180933, 0.0882052, -0.18795
32, 0.180933, 0.0882052, -0.18795
33, 0.180933, 0.0882052, -0.18795
34, 0.180933, 0.0882052, -0.18795
35, 0.180933, 0.0882052, -0.18795
36, 0.180933, 0.0882052, -0.18795
37, 0.180933, 0.0882052, -0.18795
38, 0.180933, 0.0882052, -0.18795
39, 0.180933, 0.0882052, -0.18795
40, 0.180933, 0.0882052, -0.18795
41, 0.180933, 0.0882052, -0.18795
42, 0.180933, 0.0882052, -0.18795
43, 0.180933, 0.0882052, -0.18795
44, 0.180933, 0.0882052, -0.18795
45, 0.180933, 0.0882052, -0.18795
46, 0.180933, 0.0882052, -0.18795
47, 0.180933, 0.0882052, -0.18795
48, 0.180933, 0.0882052, -0.18795
49, 0.180933, 0.0882052, -0.18795
50, 0.180933, 0.0882052, -0.18795
51, 0.180933, 0.0882052, -0.18795
52, 0.180933, 0.0882052, -0.18795
53, 0.180933, 0.0882052, -0.18795
54, 0.180933, 0.0882052, -0.18795
55, 0.180933, 0.0882052, -0.18795
56, 0.180933, 0.0882052, -0.18795
57, 0.180933, 0.0882052, -0.18795
58, 0.180933, 0.0882052, -0.18795
59, 0.180933, 0.0882052, -0.18795
60, 0.180933, 0.0882052, -0.18795
61, 0.180933, 0.0882052, -0.18795
62, 0.180933, 0.0882052, -0.18795
63, 0.180933, 0.0882052, -0.18795
64, 0.180933, 0.0882052, -0.18795
65, 0.180933, 0.0882052, -0.18795
66, 0.180933, 0.0882052, -0.18795
67, 0.180933, 0.0882052, -0.18795
68, 0.180933, 0.0882052, -0.18795
69, 0.180933, 0.0882052, -0.18795
70, 0.180933, 0.0882052, -0.18795
71, 0.180933, 0.0882052, -0.18795
72, 0.180933, 0.0882052, -0.18795
73, 0.180933, 0.0882052, -0.18795
74, 0.180933, 0.0882052, -0.18795
75, 0.180933, 0.0882052, -0.18795
76, 0.180933, 0.0882052, -0.18795
77, 0.180933, 0.0882052, -0.18795
78, 0.180933, 0.0882052, -0.18795
79, 0.180933, 0.0882052, -0.18795
80, 0.180933, 0.0882052, -0.18795
81, 0.180933, 0.0882052, -0.18795
82, 0.180933, 0.0882052, -0.18795
83, 0.180933, 0.0882052, -0.18795
84, 0.180933, 0.0882052, -0.18795
85, 0.180933, 0.0882052, -0.18795
86, 0.180933, 0.0882052, -0.18795
87, 0.180933, 0.0882052, -0.18795
88, 0.180933, 0.0882052, -0.18795
89, 0.180933, 0.0882052, -0.18795
90, 0.180933, 0.0882052, -0.18795
91, 0.180933, 0.0882052, -0.18795
92, 0.180933, 0.0882052, -0.18795
93, 0.180933, 0.0882052, -0.18795
94, 0.180933, 0.0882052, -0.18795
95, 0.180933, 0.0882052, -0.18795
96, 0.180933, 0.0882052, -0.18795
97, 0.180933, 0.0882052, -0.18795
98, 0.180933, 0.0882052, -0.18795
99, 0.180933, 0.0882052, -0.18795
100, 0.180933, 0.0882052, -0.18795
101, 0.180933, 0.0882052, -0.18795
102, 0.180933, 0.0882052, -0.18795
103, 0.180933, 0.0882052, -0.18795
104, 0.180933, 0.0882052, -0.18795
105, 0.180933, 0.0882052, -0.18795
106, 0.180933, 0.0882052, -0.18795
107, 0.180933, 0.0882052, -0.18795
108, 0.180933, 0.0882052, -0.18795
109, 0.180933, 0.0882052, -0.18795
110, 0.180933, 0.0882052, -0.18795
111, 0.180933, 0.0882052, -0.18795
112, 0.180933, 0.0882052, -0.18795
113, 0.180933, 0.0882052, -0.18795
114, 0.180933, 0.0882052, -0.18795
115, 0.180933, 0.0882052, -0.18795
116, 0.180933, 0.0882052, -0.18795
117, 0.180933, 0.0882052, -0.18795
118, 0.180933, 0.0882052, -0.18795
119, 0.180933, 0.0882052, -0.18795
120, 0.180933, 0.0882052, -0.18795
121, 0.180933, 0.0882052, -0.18795
122, 0.180933, 0.0882052, -0.18795
123, 0.180933, 0.0882052, -0.18795
124, 0.180933, 0.0882052, -0.18795
125, 0.180933, 0.0882052, -0.18795
*Step  = 15
*Time  = 0.75
*Data  = E1;E2;E3
1, 0.198647, 0.0956838, -0.199687
2, 0.198647, 0.0956838, -0.199687
3, 0.198647, 0.0956838, -0.199687
4, 0.198647, 0.0956838, -0.199687
5, 0.198647, 0.0956838, -0.199687
6, 0.198647, 0.0956838, -0.199688
7, 0.198647, 0.0956838, -0.199688
8, 0.198647, 0.0956838, -0.199688
9, 0.198647, 0.0956838, -0.199687
10, 0.198647, 0.0956838, -0.199688
11, 0.198647, 0.0956838, -0.199688
12, 0.198647, 0.0956838, -0.199688
13, 0.198647, 0.0956838, -0.199688
14, 0.198647, 0.0956838, -0.199688
15, 0.198647, 0.0956838, -0.199688
16, 0.198647, 0.0956838, -0.199688
17, 0.198647, 0.0956838, -0.199688
18, 0.198647, 0.0956838, -0.199688
19, 0.198647, 0.0956838, -0.199688
20, 0.198647, 0.0956838, -0.199688
21, 0.198647, 0.0956838, -0.199687
22, 0.198647, 0.0956838, -0.199687
23, 0.198647, 0.0956838, -0.199687
24, 0.198647, 0.0956838, -0.199687
25, 0.198647, 0.0956838, -0.199687
26, 0.198647, 0.0956838, -0.199687
27, 0.198647, 0.0956838, -0.199687
28, 0.198647, 0.0956838, -0.199687
29, 0.198647, 0.0956838, -0.199687
30, 0.198647, 0.0956838, -0.199688
31, 0.198647, 0.0956838, -0.199688
32, 0.198647, 0.0956838, -0.199687
33, 0.198647, 0.0956838, -0.199687
34, 0.198647, 0.0956838, -0.199687
35, 0.198647, 0.0956838, -0.199688
36, 0.198647, 0.0956838, -0.199688
37, 0.198647, 0.0956838, -0.199687
38, 0.198647, 0.0956838, -0.199687
39, 0.198647, 0.0956838, -0.199688
40, 0.198647, 0.0956838, -0.199688
41, 0.198647, 0.0956838, -0.199688
42, 0.198647, 0.0956838, -0.199687
43, 0.198647, 0.0956838, -0.199688
44, 0.198647, 0.0956838, -0.199688
45, 0.198647, 0.0956838, -0.199687
46, 0.198647, 0.0956838, -0.199688
47, 0.198647, 0.0956838, -0.199687
48, 0.198647, 0.0956838, -0.199688
49, 0.198647, 0.0956838, -0.199688
50, 0.198647, 0.0956838, -0.199688
51, 0.198647, 0.0956838, -0.199688
52, 0.198647, 0.0956838, -0.199688
53, 0.198647, 0.0956838, -0.199687
54, 0.198647, 0.0956838, -0.199687
55, 0.198647, 0.0956838, -0.199688
56, 0.198647, 0.0956838, -0.199687
57, 0.198647, 0.0956838, -0.199687
58, 0.198647, 0.0956838, -0.199687
59, 0.198647, 0.0956838, -0.199687
60, 0.198647, 0.0956838, -0.199687
61, 0.198647, 0.0956838, -0.199688
62, 0.198647, 0.0956838, -0.199688
63, 0.198647, 0.0956838, -0.199687
64, 0.198647, 0.0956838, -0.199688
65, 0.198647, 0.0956838, -0.199687
66, 0.198647, 0.0956838, -0.199688
67, 0.198647, 0.0956838, -0.199687
68, 0.198647, 0.0956838, -0.199687
69, 0.198647, 0.0956838, -0.199687
70, 0.198647, 0.0956838, -0.199687
71, 0.198647, 0.0956838, -0.199688
72, 0.198647, 0.0956838, -0.199688
73, 0.198647, 0.0956838, -0.199688
74, 0.198647, 0.0956838, -0.199688
75, 0.198647, 0.0956838, -0.199688
76, 0.198647, 0.0956838, -0.199688
77, 0.198647, 0.0956838, -0.199688
78, 0.198647, 0.0956838, -0.199688
79, 0.198647, 0.0956838, -0.199688
80, 0.198647, 0.0956838, -0.199688
81, 0.198647, 0.0956838, -0.199688
82, 0.198647, 0.0956838, -0.199688
83, 0.198647, 0.0956838, -0.199687
84, 0.198647, 0.0956838, -0.199688
85, 0.198647, 0.0956838, -0.199687
86, 0.198647, 0.0956838, -0.199688
87, 0.198647, 0.0956838, -0.199688
88, 0.198647, 0.0956838, -0.199687
89, 0.198647, 0.0956838, -0.199687
90, 0.198647, 0.0956838, -0.199687
91, 0.198647, 0.0956838, -0.199687
92, 0.198647, 0.0956838, -0.199688
93, 0.198647, 0.0956838, -0.199688
94, 0.198647, 0.0956838, -0.199687
95, 0.198647, 0.0956838, -0.199687
96, 0.198647, 0.0956838, -0.199688
97, 0.198647, 0.0956838, -0.199688
98, 0.198647, 0.0956838, -0.199688
99, 0.198647, 0.0956838, -0.199688
100, 0.198647, 0.0956838, -0.199687
101, 0.198647, 0.0956838, -0.199687
102, 0.198647, 0.0956838, -0.199688
103, 0.198647, 0.0956838, -0.199688
104, 0.198647, 0.0956838, -0.199688
105, 0.198647, 0.0956838, -0.199688
106, 0.198647, 0.0956838, -0.199687
107, 0.198647, 0.0956838, -0.199688
108, 0.198647, 0.0956838, -0.199688
109, 0.198647, 0.0956838, -0.199688
110, 0.198647, 0.0956838, -0.199688
111, 0.198647, 0.0956838, -0.199687
112, 0.198647, 0.0956838, -0.199688
113, 0.198647, 0.0956838, -0.199688
114, 0.198647, 0.0956838, -0.199688
115, 0.198647, 0.0956838, -0.199687
116, 0.198647, 0.0956838, -0.199687
117, 0.198647, 0.0956838, -0.199688
118, 0.198647, 0.0956838, -0.199688
119, 0.198647, 0.0956838, -0.199687
120, 0.198647, 0.0956838, -0.199688
121, 0.198647, 0.0956838, -0.199687
122, 0.198647, 0.0956838, -0.199688
123, 0.198647, 0.0956838, -0.199688
124, 0.198647, 0.0956838, -0.199688
125, 0.198647, 0.0956838, -0.199687
*Step  = 16
*Time  = 0.8
*Data  = E1;E2;E3
1, 0.217009, 0.10355, -0.2112
2, 0.217009, 0.10355, -0.2112
3, 0.217009, 0.10355, -0.2112
4, 0.217009, 0.10355, -0.2112
5, 0.217009, 0.10355, -0.2112
6, 0.217009, 0.10355, -0.2112
7, 0.217009, 0.10355, -0.2112
8, 0.217009, 0.10355, -0.2112
9, 0.217009, 0.10355, -0.2112
10, 0.217009, 0.10355, -0.2112
11, 0.217009, 0.10355, -0.2112
12, 0.217009, 0.10355, -0.2112
13, 0.217009, 0.10355, -0.2112
14, 0.217009, 0.10355, -0.2112
15, 0.217009, 0.10355, -0.2112
16, 0.217009, 0.10355, -0.2112
17, 0.217009, 0.10355, -0.2112
18, 0.217009, 0.10355, -0.2112
19, 0.217009, 0.10355, -0.2112
20, 0.217009, 0.10355, -0.2112
21, 0.217009, 0.10355, -0.2112
22, 0.217009, 0.10355, -0.2112
23, 0.217009, 0.10355, -0.2112
24, 0.217009, 0.10355, -0.2112
25, 0.217009, 0.10355, -0.2112
26, 0.217009, 0.10355, -0.2112
27, 0.217009, 0.10355, -0.2112
28, 0.217009, 0.10355, -0.2112
29, 0.217009, 0.10355, -0.2112
30, 0.217009, 0.10355, -0.2112
31, 0.217009, 0.10355, -0.2112
32, 0.217009, 0.10355, -0.2112
33, 0.217009, 0.10355, -0.2112
34, 0.217009, 0.10355, -0.2112
35, 0.217009, 0.10355, -0.2112
36, 0.217009, 0.10355, -0.2112
37, 0.217009, 0.10355, -0.2112
38, 0.217009, 0.10355, -0.2112
39, 0.217009, 0.10355, -0.2112
40, 0.217009, 0.10355, -0.2112
41, 0.217009, 0.10355, -0.2112
42, 0.217009, 0.10355, -0.2112
43, 0.217009, 0.10355, -0.2112
44, 0.217009, 0.10355, -0.2112
45, 0.217009, 0.10355, -0.2112
46, 0.217009, 0.10355, -0.2112
47, 0.217009, 0.10355, -0.2112
48, 0.217009, 0.10355, -0.2112
49, 0.217009, 0.10355, -0.2112
50, 0.217009, 0.10355, -0.2112
51, 0.217009, 0.10355, -0.2112
52, 0.217009, 0.10355, -0.2112
53, 0.217009, 0.10355, -0.2112
54, 0.217009, 0.10355, -0.2112
55, 0.217009, 0.10355, -0.2112
56, 0.217009, 0.10355, -0.2112
57, 0.217009, 0.10355, -0.2112
58, 0.217009, 0.10355, -0.2112
59, 0.217009, 0.10355, -0.2112
60, 0.217009, 0.10355, -0.2112
61, 0.217009, 0.10355, -0.2112
62, 0.217009, 0.10355, -0.2112
63, 0.217009, 0.10355, -0.2112
64, 0.217009, 0.10355, -0.2112
65, 0.217009, 0.10355, -0.2112
66, 0.217009, 0.10355, -0.2112
67, 0.217009, 0.10355, -0.2112
68, 0.217009, 0.10355, -0.2112
69, 0.217009, 0.10355, -0.2112
70, 0.217009, 0.10355, -0.2112
71, 0.217009, 0.10355, -0.2112
72, 0.217009, 0.10355, -0.2112
73, 0.217009, 0.10355, -0.2112
74, 0.217009, 0.10355, -0.2112
75, 0.217009, 0.10355, -0.2112
76, 0.217009, 0.10355, -0.2112
77, 0.217009, 0.10355, -0.2112
78, 0.217009, 0.10355, -0.2112
79, 0.217009, 0.10355, -0.2112
80, 0.217009, 0.10355, -0.2112
81, 0.217009, 0.10355, -0.2112
82, 0.217009, 0.10355, -0.2112
83, 0.217009, 0.10355, -0.2112
84, 0.217009, 0.10355, -0.2112
85, 0.217009, 0.10355, -0.2112
86, 0.217009, 0.10355, -0.2112
87, 0.217009, 0.10355, -0.2112
88, 0.217009, 0.10355, -0.2112
89, 0.217009, 0.10355, -0.2112
90, 0.217009, 0.10355, -0.2112
91, 0.217009, 0.10355, -0.2112
92, 0.217009, 0.10355, -0.2112
93, 0.217009, 0.10355, -0.2112
94, 0.217009, 0.10355, -0.2112
95, 0.217009, 0.10355, -0.2112
96, 0.217009, 0.10355, -0.2112
97, 0.217009, 0.10355, -0.2112
98, 0.217009, 0.10355, -0.2112
99, 0.217009, 0.10355, -0.2112
100, 0.217009, 0.10355, -0.2112
101, 0.217009, 0.10355, -0.2112
102, 0.217009, 0.10355, -0.2112
103, 0.217009, 0.10355, -0.2112
104, 0.217009, 0.10355, -0.2112
105, 0.217009, 0.10355, -0.2112
106, 0.217009, 0.10355, -0.2112
107, 0.217009, 0.10355, -0.2112
108, 0.217009, 0.10355, -0.2112
109, 0.217009, 0.10355, -0.2112
110, 0.217009, 0.10355, -0.2112
111, 0.217009, 0.10355, -0.2112
112, 0.217009, 0.10355, -0.2112
113, 0.217009, 0.10355, -0.2112
114, 0.217009, 0.10355, -0.2112
115, 0.217009, 0.10355, -0.2112
116, 0.217009, 0.10355, -0.2112
117, 0.217009, 0.10355, -0.2112
118, 0.217009, 0.10355, -0.2112
119, 0.217009, 0.10355, -0.2112
120, 0.217009, 0.10355, -0.2112
121, 0.217009, 0.10355, -0.2112
122, 0.217009, 0.10355, -0.2112
123, 0.217009, 0.10355, -0.2112
124, 0.217009, 0.10355, -0.2112
125, 0.217009, 0.10355, -0.2112
*Step  = 17
*Time  = 0.85
*Data  = E1;E2;E3
1, 0.236048, 0.111831, -0.222487
2, 0.236048, 0.111831, -0.222487
3, 0.236048, 0.111831, -0.222487
4, 0.236048, 0.111831, -0.222487
5, 0.236048, 0.111831, -0.222487
6, 0.236048, 0.111831, -0.222488
7, 0.236048, 0.111831, -0.222488
8, 0.236048, 0.111831, -0.222488
9, 0.236048, 0.111831, -0.222487
10, 0.236048, 0.111831, -0.222487
11, 0.236048, 0.111831, -0.222488
12, 0.236048, 0.111831, -0.222488
13, 0.236048, 0.111831, -0.222488
14, 0.236048, 0.111831, -0.222488
15, 0.236048, 0.111831, -0.222487
16, 0.236048, 0.111831, -0.222488
17, 0.236048, 0.111831, -0.222488
18, 0.236048, 0.111831, -0.222488
19, 0.236048, 0.111831, -0.222487
20, 0.236048, 0.111831, -0.222487
21, 0.236048, 0.111831, -0.222487
22, 0.236048, 0.111831, -0.222487
23, 0.236048, 0.111831, -0.222488
24, 0.236048, 0.111831, -0.222488
25, 0.236048, 0.111831, -0.222487
26, 0.236048, 0.111831, -0.222487
27, 0.236048, 0.111831, -0.222487
28, 0.236048, 0.111831, -0.222488
29, 0.236048, 0.111831, -0.222488
30, 0.236048, 0.111831, -0.222487
31, 0.236048, 0.111831, -0.222488
32, 0.236048, 0.111831, -0.222487
33, 0.236048, 0.111831, -0.222488
34, 0.236048, 0.111831, -0.222488
35, 0.236048, 0.111831, -0.222488
36, 0.236048, 0.111831, -0.222488
37, 0.236048, 0.111831, -0.222487
38, 0.236048, 0.111831, -0.222487
39, 0.236048, 0.111831, -0.222488
40, 0.236048, 0.111831, -0.222487
41, 0.236048, 0.111831, -0.222488
42, 0.236048, 0.111831, -0.222487
43, 0.236048, 0.111831, -0.222488
44, 0.236048, 0.111831, -0.222488
45, 0.236048, 0.111831, -0.222488
46, 0.236048, 0.111831, -0.222488
47, 0.236048, 0.111831, -0.222488
48, 0.236048, 0.111831, -0.222487
49, 0.236048, 0.111831, -0.222488
50, 0.236048, 0.111831, -0.222488
51, 0.236048, 0.111831, -0.222488
52, 0.236048, 0.111831, -0.222488
53, 0.236048, 0.111831, -0.222487
54, 0.236048, 0.111831, -0.222488
55, 0.236048, 0.111831, -0.222488
56, 0.236048, 0.111831, -0.222488
57, 0.236048, 0.111831, -0.222487
58, 0.236048, 0.111831, -0.222488
59, 0.236048, 0.111831, -0.222488
60, 0.236048, 0.111831, -0.222488
61, 0.236048, 0.111831, -0.222488
62, 0.236048, 0.111831, -0.222488
63, 0.236048, 0.111831, -0.222487
64, 0.236048, 0.111831, -0.222488
65, 0.236048, 0.111831, -0.222487
66, 0.236048, 0.111831, -0.222488
67, 0.236048, 0.111831, -0.222488
68, 0.236048, 0.111831, -0.222488
69, 0.236048, 0.111831, -0.222488
70, 0.236048, 0.111831, -0.222487
71, 0.236048, 0.111831, -0.222487
72, 0.236048, 0.111831, -0.222487
73, 0.236048, 0.111831, -0.222487
74, 0.236048, 0.111831, -0.222488
75, 0.236048, 0.111831, -0.222487
76, 0.236048, 0.111831, -0.222488
77, 0.236048, 0.111831, -0.222488
78, 0.236048, 0.111831, -0.222488
79, 0.236048, 0.111831, -0.222487
80, 0.236048, 0.111831, -0.222487
81, 0.236048, 0.111831, -0.222488
82, 0.236048, 0.111831, -0.222488
83, 0.236048, 0.111831, -0.222487
84, 0.236048, 0.111831, -0.222487
85, 0.236048, 0.111831, -0.222488
86, 0.236048, 0.111831, -0.222488
87, 0.236048, 0.111831, -0.222488
88, 0.236048, 0.111831, -0.222488
89, 0.236048, 0.111831, -0.222487
90, 0.236048, 0.111831, -0.222488
91, 0.236048, 0.111831, -0.222487
92, 0.236048, 0.111831, -0.222488
93, 0.236048, 0.111831, -0.222488
94, 0.236048, 0.111831, -0.222487
95, 0.236048, 0.111831, -0.222488
96, 0.236048, 0.111831, -0.222488
97, 0.236048, 0.111831, -0.222487
98, 0.236048, 0.111831, -0.222488
99, 0.236048, 0.111831, -0.222487
100, 0.236048, 0.111831, -0.222487
101, 0.236048, 0.111831, -0.222488
102, 0.236048, 0.111831, -0.222488
103, 0.236048, 0.111831, -0.222488
104, 0.236048, 0.111831, -0.222488
105, 0.236048, 0.111831, -0.222488
106, 0.236048, 0.111831, -0.222487
107, 0.236048, 0.111831, -0.222488
108, 0.236048, 0.111831, -0.222488
109, 0.236048, 0.111831, -0.222488
110, 0.236048, 0.111831, -0.222488
111, 0.236048, 0.111831, -0.222487
112, 0.236048, 0.111831, -0.222488
113, 0.236048, 0.111831, -0.222488
114, 0.236048, 0.111831, -0.222488
115, 0.236048, 0.111831, -0.222488
116, 0.236048, 0.111831, -0.222487
117, 0.236048, 0.111831, -0.222487
118, 0.236048, 0.111831, -0.222488
119, 0.236048, 0.111831, -0.222488
120, 0.236048, 0.111831, -0.222488
121, 0.236048, 0.111831, -0.222487
122, 0.236048, 0.111831, -0.222488
123, 0.236048, 0.111831, -0.222488
124, 0.236048, 0.111831, -0.222488
125, 0.236048, 0.111831, -0.222488
*Step  = 18
*Time  = 0.9
*Data  = E1;E2;E3
1, 0.255797, 0.120558, -0.23355
2, 0.255797, 0.120558, -0.23355
3, 0.255797, 0.120558, -0.23355
4, 0.255797, 0.120558, -0.23355
5, 0.255797, 0.120558, -0.23355
6, 0.255797, 0.120558, -0.23355
7, 0.255797, 0.120558, -0.23355
8, 0.255797, 0.120558, -0.23355
9, 0.255797, 0.120558, -0.23355
10, 0.255797, 0.120558, -0.23355
11, 0.255797, 0.120558, -0.23355
12, 0.255797, 0.120558, -0.23355
13, 0.255797, 0.120558, -0.23355
14, 0.255797, 0.120558, -0.23355
15, 0.255797, 0.120558, -0.23355
16, 0.255797, 0.120558, -0.23355
17, 0.255797, 0.120558, -0.23355
18, 0.255797, 0.120558, -0.23355
19, 0.255797, 0.120558, -0.23355
20, 0.255797, 0.120558, -0.23355
21, 0.255797, 0.120558, -0.23355
22, 0.255797, 0.120558, -0.23355
23, 0.255797, 0.120558, -0.23355
24, 0.255797, 0.120558, -0.23355
25, 0.255797, 0.120558, -0.23355
26, 0.255797, 0.120558, -0.23355
27, 0.255797, 0.120558, -0.23355
28, 0.255797, 0.120558, -0.23355
29, 0.255797, 0.120558, -0.23355
30, 0.255797, 0.120558, -0.23355
31, 0.255797, 0.120558, -0.23355
32, 0.255797, 0.120558, -0.23355
33, 0.255797, 0.120558, -0.23355
34, 0.255797, 0.120558, -0.23355
35, 0.255797, 0.120558, -0.23355
36, 0.255797, 0.120558, -0.23355
37, 0.255797, 0.120558, -0.23355
38, 0.255797, 0.120558, -0.23355
39, 0.255797, 0.120558, -0.23355
40, 0.255797, 0.120558, -0.23355
41, 0.255797, 0.120558, -0.23355
42, 0.255797, 0.120558, -0.23355
43, 0.255797, 0.120558, -0.23355
44, 0.255797, 0.120558, -0.23355
45, 0.255797, 0.120558, -0.23355
46, 0.255797, 0.120558, -0.23355
47, 0.255797, 0.120558, -0.23355
48, 0.255797, 0.120558, -0.23355
49, 0.255797, 0.120558, -0.23355
50, 0.255797, 0.120558, -0.23355
51, 0.255797, 0.120558, -0.23355
52, 0.255797, 0.120558, -0.23355
53, 0.255797, 0.120558, -0.23355
54, 0.255797, 0.120558, -0.23355
55, 0.255797, 0.120558, -0.23355
56, 0.255797, 0.120558, -0.23355
57, 0.255797, 0.120558, -0.23355
58, 0.255797, 0.120558, -0.23355
59, 0.255797, 0.120558, -0.23355
60, 0.255797, 0.120558, -0.23355
61, 0.255797, 0.120558, -0.23355
62, 0.255797, 0.120558, -0.23355
63, 0.255797, 0.120558, -0.23355
64, 0.255797, 0.120558, -0.23355
65, 0.255797, 0.120558, -0.23355
66, 0.255797, 0.120558, -0.23355
67, 0.255797, 0.120558, -0.23355
68, 0.255797, 0.120558, -0.23355
69, 0.255797, 0.120558, -0.23355
70, 0.255797, 0.120558, -0.23355
71, 0.255797, 0.120558, -0.23355
72, 0.255797, 0.120558, -0.23355
73, 0.255797, 0.120558, -0.23355
74, 0.255797, 0.120558, -0.23355
75, 0.255797, 0.120558, -0.23355
76, 0.255797, 0.120558, -0.23355
77, 0.255797, 0.120558, -0.23355
78, 0.255797, 0.120558, -0.23355
79, 0.255797, 0.120558, -0.23355
80, 0.255797, 0.120558, -0.23355
81, 0.255797, 0.120558, -0.23355
82, 0.255797, 0.120558, -0.23355
83, 0.255797, 0.120558, -0.23355
84, 0.255797, 0.120558, -0.23355
85, 0.255797, 0.120558, -0.23355
86, 0.255797, 0.120558, -0.23355
87, 0.255797, 0.120558, -0.23355
88, 0.255797, 0.120558, -0.23355
89, 0.255797, 0.120558, -0.23355
90, 0.255797, 0.120558, -0.23355
91, 0.255797, 0.120558, -0.23355
92, 0.255797, 0.120558, -0.23355
93, 0.255797, 0.120558, -0.23355
94, 0.255797, 0.120558, -0.23355
95, 0.255797, 0.120558, -0.23355
96, 0.255797, 0.120558, -0.23355
97, 0.255797, 0.120558, -0.23355
98, 0.255797, 0.120558, -0.23355
99, 0.255797, 0.120558, -0.23355
100, 0.255797, 0.120558, -0.23355
101, 0.255797, 0.120558, -0.23355
102, 0.255797, 0.120558, -0.23355
103, 0.255797, 0.120558, -0.23355
104, 0.255797, 0.120558, -0.23355
105, 0.255797, 0.120558, -0.23355
106, 0.255797, 0.120558, -0.23355
107, 0.255797, 0.120558, -0.23355
108, 0.255797, 0.120558, -0.23355
109, 0.255797, 0.120558, -0.23355
110, 0.255797, 0.120558, -0.23355
111, 0.255797, 0.120558, -0.23355
112, 0.255797, 0.120558, -0.23355
113, 0.255797, 0.120558, -0.23355
114, 0.255797, 0.120558, -0.23355
115, 0.255797, 0.120558, -0.23355
116, 0.255797, 0.120558, -0.23355
117, 0.255797, 0.120558, -0.23355
118, 0.255797, 0.120558, -0.23355
119, 0.255797, 0.120558, -0.23355
120, 0.255797, 0.120558, -0.23355
121, 0.255797, 0.120558, -0.23355
122, 0.255797, 0.120558, -0.23355
123, 0.255797, 0.120558, -0.23355
124, 0.255797, 0.120558, -0.23355
125, 0.255797, 0.120558, -0.23355
*Step  = 19
*Time  = 0.95
*Data  = E1;E2;E3
1, 0.276296, 0.129758, -0.244387
2, 0.276296, 0.129758, -0.244387
3, 0.276296, 0.129758, -0.244387
4, 0.276296, 0.129758, -0.244387
5, 0.276296, 0.129758, -0.244388
6, 0.276296, 0.129758, -0.244388
7, 0.276296, 0.129758, -0.244388
8, 0.276296, 0.129758, -0.244388
9, 0.276296, 0.129758, -0.244388
10, 0.276296, 0.129758, -0.244388
11, 0.276296, 0.129758, -0.244388
12, 0.276296, 0.129758, -0.244387
13, 0.276296, 0.129758, -0.244388
14, 0.276296, 0.129758, -0.244388
15, 0.276296, 0.129758, -0.244388
16, 0.276296, 0.129758, -0.244388
17, 0.276296, 0.129758, -0.244387
18, 0.276296, 0.129758, -0.244388
19, 0.276296, 0.129758, -0.244388
20, 0.276296, 0.129758, -0.244388
21, 0.276296, 0.129758, -0.244387
22, 0.276296, 0.129758, -0.244388
23, 0.276296, 0.129758, -0.244388
24, 0.276296, 0.129758, -0.244388
25, 0.276296, 0.129758, -0.244387
26, 0.276296, 0.129758, -0.244388
27, 0.276296, 0.129758, -0.244388
28, 0.276296, 0.129758, -0.244388
29, 0.276296, 0.129758, -0.244388
30, 0.276296, 0.129758, -0.244388
31, 0.276296, 0.129758, -0.244388
32, 0.276296, 0.129758, -0.244388
33, 0.276296, 0.129758, -0.244388
34, 0.276296, 0.129758, -0.244388
35, 0.276296, 0.129758, -0.244388
36, 0.276296, 0.129758, -0.244388
37, 0.276296, 0.129758, -0.244388
38, 0.276296, 0.129758, -0.244388
39, 0.276296, 0.129758, -0.244388
40, 0.276296, 0.129758, -0.244388
41, 0.276296, 0.129758, -0.244388
42, 0.276296, 0.129758, -0.244387
43, 0.276296, 0.129758, -0.244388
44, 0.276296, 0.129758, -0.244388
45, 0.276296, 0.129758, -0.244388
46, 0.276296, 0.129758, -0.244388
47, 0.276296, 0.129758, -0.244387
48, 0.276296, 0.129758, -0.244387
49, 0.276296, 0.129758, -0.244388
50, 0.276296, 0.129758, -0.244388
51, 0.276296, 0.129758, -0.244388
52, 0.276296, 0.129758, -0.244388
53, 0.276296, 0.129758, -0.244388
54, 0.276296, 0.129758, -0.244388
55, 0.276296, 0.129758, -0.244387
56, 0.276296, 0.129758, -0.244388
57, 0.276296, 0.129758, -0.244387
58, 0.276296, 0.129758, -0.244387
59, 0.276296, 0.129758, -0.244388
60, 0.276296, 0.129758, -0.244388
61, 0.276296, 0.129758, -0.244388
62, 0.276296, 0.129758, -0.244388
63, 0.276296, 0.129758, -0.244387
64, 0.276296, 0.129758, -0.244388
65, 0.276296, 0.129758, -0.244388
66, 0.276296, 0.129758, -0.244388
67, 0.276296, 0.129758, -0.244388
68, 0.276296, 0.129758, -0.244387
69, 0.276296, 0.129758, -0.244388
70, 0.276296, 0.129758, -0.244388
71, 0.276296, 0.129758, -0.244388
72, 0.276296, 0.129758, -0.244388
73, 0.276296, 0.129758, -0.244388
74, 0.276296, 0.129758, -0.244388
75, 0.276296, 0.129758, -0.244388
76, 0.276296, 0.129758, -0.244388
77, 0.276296, 0.129758, -0.244388
78, 0.276296, 0.129758, -0.244388
79, 0.276296, 0.129758, -0.244388
80, 0.276296, 0.129758, -0.244387
81, 0.276296, 0.129758, -0.244388
82, 0.276296, 0.129758, -0.244388
83, 0.276296, 0.129758, -0.244388
84, 0.276296, 0.129758, -0.244388
85, 0.276296, 0.129758, -0.244387
86, 0.276296, 0.129758, -0.244388
87, 0.276296, 0.129758, -0.244388
88, 0.276296, 0.129758, -0.244388
89, 0.276296, 0.129758, -0.244388
90, 0.276296, 0.129758, -0.244387
91, 0.276296, 0.129758, -0.244388
92, 0.276296, 0.129758, -0.244388
93, 0.276296, 0.129758, -0.244388
94, 0.276296, 0.129758, -0.244387
95, 0.276296, 0.129758, -0.244388
96, 0.276296, 0.129758, -0.244388
97, 0.276296, 0.129758, -0.244388
98, 0.276296, 0.129758, -0.244388
99, 0.276296, 0.129758, -0.244388
100, 0.276296, 0.129758, -0.244388
101, 0.276296, 0.129758, -0.244388
102, 0.276296, 0.129758, -0.244388
103, 0.276296, 0.129758, -0.244388
104, 0.276296, 0.129758, -0.244388
105, 0.276296, 0.129758, -0.244388
106, 0.276296, 0.129758, -0.244388
107, 0.276296, 0.129758, -0.244387
108, 0.276296, 0.129758, -0.244388
109, 0.276296, 0.129758, -0.244388
110, 0.276296, 0.129758, -0.244388
111, 0.276296, 0.129758, -0.244388
112, 0.276296, 0.129758, -0.244388
113, 0.276296, 0.129758, -0.244388
114, 0.276296, 0.129758, -0.244388
115, 0.276296, 0.129758, -0.244388
116, 0.276296, 0.129758, -0.244387
117, 0.276296, 0.129758, -0.244388
118, 0.276296, 0.129758, -0.244388
119, 0.276296, 0.129758, -0.244388
120, 0.276296, 0.129758, -0.244388
121, 0.276296, 0.129758, -0.244387
122, 0.276296, 0.129758, -0.244388
123, 0.276296, 0.129758, -0.244388
124, 0.276296, 0.129758, -0.244388
125, 0.276296, 0.129758, -0.244388
*Step  = 20
*Time  = 1
*Data  = E1;E2;E3
1, 0.297589, 0.139461, -0.255
2, 0.297589, 0.139461, -0.255
3, 0.297589, 0.139461, -0.255
4, 0.297589, 0.139461, -0.255
5, 0.297589, 0.139461, -0.255
6, 0.297589, 0.139461, -0.255
7, 0.297589, 0.139461, -0.255
8, 0.297589, 0.139461, -0.255
9, 0.297589, 0.139461, -0.255
10, 0.297589, 0.139461, -0.255
11, 0.297589, 0.139461, -0.255
12, 0.297589, 0.139461, -0.255
13, 0.297589, 0.139461, -0.255
14, 0.297589, 0.139461, -0.255
15, 0.297589, 0.139461, -0.255
16, 0.297589, 0.139461, -0.255
17, 0.297589, 0.139461, -0.255
18, 0.297589, 0.139461, -0.255
19, 0.297589, 0.139461, -0.255
20, 0.297589, 0.139461, -0.255
21, 0.297589, 0.139461, -0.255
22, 0.297589, 0.139461, -0.255
23, 0.297589, 0.139461, -0.255
24, 0.297589, 0.139461, -0.255
25, 0.297589, 0.139461, -0.255
26, 0.297589, 0.139461, -0.255
27, 0.297589, 0.139461, -0.255
28, 0.297589, 0.139461, -0.255
29, 0.297589, 0.139461, -0.255
30, 0.297589, 0.139461, -0.255
31, 0.297589, 0.139461, -0.255
32, 0.297589, 0.139461, -0.255
33, 0.297589, 0.139461, -0.255
34, 0.297589, 0.139461, -0.255
35, 0.297589, 0.139461, -0.255
36, 0.297589, 0.139461, -0.255
37, 0.297589, 0.139461, -0.255
38, 0.297589, 0.139461, -0.255
39, 0.297589, 0.139461, -0.255
40, 0.297589, 0.139461, -0.255
41, 0.297589, 0.139461, -0.255
42, 0.297589, 0.139461, -0.255
43, 0.297589, 0.139461, -0.255
44, 0.297589, 0.139461, -0.255
45, 0.297589, 0.139461, -0.255
46, 0.297589, 0.139461, -0.255
47, 0.297589, 0.139461, -0.255
48, 0.297589, 0.139461, -0.255
49, 0.297589, 0.139461, -0.255
50, 0.297589, 0.139461, -0.255
51, 0.297589, 0.139461, -0.255
52, 0.297589, 0.139461, -0.255
53, 0.297589, 0.139461, -0.255
54, 0.297589, 0.139461, -0.255
55, 0.297589, 0.139461, -0.255
56, 0.297589, 0.139461, -0.255
57, 0.297589, 0.139461, -0.255
58, 0.297589, 0.139461, -0.255
59, 0.297589, 0.139461, -0.255
60, 0.297589, 0.139461, -0.255
61, 0.297589, 0.139461, -0.255
62, 0.297589, 0.139461, -0.255
63, 0.297589, 0.139461, -0.255
64, 0.297589, 0.139461, -0.255
65, 0.297589, 0.139461, -0.255
66, 0.297589, 0.139461, -0.255
67, 0.297589, 0.139461, -0.255
68, 0.297589, 0.139461, -0.255
69, 0.297589, 0.139461, -0.255
70, 0.297589, 0.139461, -0.255
71, 0.297589, 0.139461, -0.255
72, 0.297589, 0.139461, -0.255
73, 0.297589, 0.139461, -0.255
74, 0.297589, 0.139461, -0.255
75, 0.297589, 0.139461, -0.255
76, 0.297589, 0.139461, -0.255
77, 0.297589, 0.139461, -0.255
78, 0.297589, 0.139461, -0.255
79, 0.297589, 0.139461, -0.255
80, 0.297589, 0.139461, -0.255
81, 0.297589, 0.139461, -0.255
82, 0.297589, 0.139461, -0.255
83, 0.297589, 0.139461, -0.255
84, 0.297589, 0.139461, -0.255
85, 0.297589, 0.139461, -0.255
86, 0.297589, 0.139461, -0.255
87, 0.297589, 0.139461, -0.255
88, 0.297589, 0.139461, -0.255
89, 0.297589, 0.139461, -0.255
90, 0.297589, 0.139461, -0.255
91, 0.297589, 0.139461, -0.255
92, 0.297589, 0.139461, -0.255
93, 0.297589, 0.139461, -0.255
94, 0.297589, 0.139461, -0.255
95, 0.297589, 0.139461, -0.255
96, 0.297589, 0.139461, -0.255
97, 0.297589, 0.139461, -0.255
98, 0.297589, 0.139461, -0.255
99, 0.297589, 0.139461, -0.255
100, 0.297589, 0.139461, -0.255
101, 0.297589, 0.139461, -0.255
102, 0.297589, 0.139461, -0.255
103, 0.297589, 0.139461, -0.255
104, 0.297589, 0.139461, -0.255
105, 0.297589, 0.139461, -0.255
106, 0.297589, 0.139461, -0.255
107, 0.297589, 0.139461, -0.255
108, 0.297589, 0.139461, -0.255
109, 0.297589, 0.139461, -0.255
110, 0.297589, 0.139461, -0.255
111, 0.297589, 0.139461, -0.255
112, 0.297589, 0.139461, -0.255
113, 0.297589, 0.139461, -0.255
114, 0.297589, 0.139461, -0.255
115, 0.297589, 0.139461, -0.255
116, 0.297589, 0.139461, -0.255
117, 0.297589, 0.139461, -0.255
118, 0.297589, 0.139461, -0.255
119, 0.297589, 0.139461, -0.255
120, 0.297589, 0.139461, -0.255
121, 0.297589, 0.139461, -0.255
122, 0.297589, 0.139461, -0.255
123, 0.297589, 0.139461, -0.255
124, 0.297589, 0.139461, -0.255
125, 0.297589, 0.139461, -0.255
