*Title:
*Step  = 1
*Time  = 0.1
*Data  = ux;uy;uz
1, 0, 0, 0
2, 0, 0.0328331, 0
3, 0, 0.0658126, 0
4, 0, 0.098822, 0
5, 0, 0.131886, 0
6, 0, 0.164963, 0
7, 0.0286672, 0, 0
8, 0.0286532, 0.0328469, 0
9, 0.0286841, 0.0657818, 0
10, 0.0287201, 0.0987531, 0
11, 0.0287505, 0.131741, 0
12, 0.0289142, 0.164714, 0
13, 0.0571798, 0, 0
14, 0.0571765, 0.0328623, 0
15, 0.0572181, 0.0657296, 0
16, 0.0572717, 0.0986105, 0
17, 0.0573439, 0.131483, 0
18, 0.0575397, 0.164337, 0
19, 0.0856755, 0, 0
20, 0.085683, 0.0328537, 0
21, 0.0857208, 0.0656692, 0
22, 0.0857869, 0.0984593, 0
23, 0.0858856, 0.131249, 0
24, 0.0860725, 0.164058, 0
25, 0.114162, 0, 0
26, 0.114171, 0.0328338, 0
27, 0.114201, 0.0655929, 0
28, 0.114275, 0.0983269, 0
29, 0.114406, 0.131038, 0
30, 0.114615, 0.163754, 0
31, 0.142506, 0, 0
32, 0.1425, 0.0328169, 0
33, 0.142516, 0.0655283, 0
34, 0.142589, 0.0982079, 0
35, 0.142759, 0.130845, 0
36, 0.143, 0.163462, 0
37, -0.00636368, -0.000343829, -0.0603675
38, -0.0064111, 0.0328062, -0.060387
39, -0.00636685, 0.0658368, -0.0604053
40, -0.0063026, 0.0988342, -0.0604083
41, -0.00619319, 0.131875, -0.0604606
42, -0.00598017, 0.164895, -0.0604099
43, 0.0223227, -0.000180113, -0.0600868
44, 0.0222933, 0.0328273, -0.0601176
45, 0.0223423, 0.0657876, -0.0601517
46, 0.0223888, 0.0987355, -0.0601674
47, 0.0224342, 0.131697, -0.0602036
48, 0.022581, 0.164624, -0.0601734
49, 0.0508945, 6.83132e-06, -0.0599951
50, 0.0508795, 0.0328645, -0.0600126
51, 0.0509283, 0.0657331, -0.0600188
52, 0.0509765, 0.0986039, -0.0600292
53, 0.0510277, 0.13147, -0.0600468
54, 0.051186, 0.164322, -0.0600336
55, 0.0794181, 7.94275e-05, -0.0599476
56, 0.0794242, 0.0328724, -0.0599404
57, 0.0794651, 0.065667, -0.0599238
58, 0.0795209, 0.0984697, -0.0599303
59, 0.0796044, 0.131261, -0.0599479
60, 0.0797618, 0.164071, -0.0599782
61, 0.107926, 0.000131361, -0.0598996
62, 0.107935, 0.0328402, -0.0598652
63, 0.107963, 0.0655894, -0.0598401
64, 0.108025, 0.0983507, -0.0598399
65, 0.108136, 0.131097, -0.0598404
66, 0.108297, 0.163849, -0.0599194
67, 0.136292, 0.000128889, -0.059611
68, 0.136302, 0.0328047, -0.0595691
69, 0.136332, 0.0655226, -0.0595527
70, 0.136402, 0.0982468, -0.0595532
71, 0.136534, 0.13095, -0.0595193
72, 0.136712, 0.163684, -0.0596004
73, -0.0127215, -3.36234e-05, -0.120602
74, -0.0127273, 0.0328833, -0.120671
75, -0.0126831, 0.0658522, -0.120629
76, -0.0126081, 0.0987893, -0.120649
77, -0.0125329, 0.131728, -0.120669
78, -0.0124006, 0.164695, -0.12058
79, 0.0157955, 1.42602e-05, -0.120208
80, 0.0158135, 0.032885, -0.120291
81, 0.0158904, 0.0657978, -0.12029
82, 0.0159564, 0.0986982, -0.120309
83, 0.0160227, 0.131593, -0.120312
84, 0.0161621, 0.164478, -0.120224
85, 0.0443698, 6.02377e-05, -0.12001
86, 0.0444058, 0.0329009, -0.120044
87, 0.0444763, 0.0657431, -0.120049
88, 0.0445337, 0.0985917, -0.120064
89, 0.0445865, 0.131428, -0.120083
90, 0.044697, 0.164248, -0.120065
91, 0.072945, 5.37304e-05, -0.119932
92, 0.073003, 0.0328698, -0.119912
93, 0.0730577, 0.0656705, -0.119911
94, 0.0731129, 0.0984908, -0.119916
95, 0.0731804, 0.131296, -0.119937
96, 0.0732698, 0.164101, -0.11998
97, 0.101467, -4.43246e-05, -0.119785
98, 0.101533, 0.032782, -0.119707
99, 0.101573, 0.0655845, -0.11971
100, 0.10163, 0.0984056, -0.119705
101, 0.101718, 0.131225, -0.119721
102, 0.101804, 0.16404, -0.119834
103, 0.129938, -0.000167512, -0.119386
104, 0.129996, 0.0327011, -0.119308
105, 0.130034, 0.0655121, -0.119339
106, 0.130102, 0.0983291, -0.119327
107, 0.13019, 0.131158, -0.119306
108, 0.130276, 0.16401, -0.119414
109, -0.0192134, 0.000212354, -0.180581
110, -0.0191216, 0.0330795, -0.180689
111, -0.0190202, 0.0659042, -0.180664
112, -0.0189532, 0.0987235, -0.180661
113, -0.018902, 0.131558, -0.1807
114, -0.0188377, 0.164396, -0.180602
115, 0.00926968, 0.00018907, -0.180176
116, 0.00935782, 0.0330131, -0.180285
117, 0.00946016, 0.0658291, -0.180295
118, 0.00953064, 0.0986539, -0.180296
119, 0.00956662, 0.131471, -0.180296
120, 0.00962006, 0.164284, -0.180194
121, 0.0377926, 0.000141728, -0.180038
122, 0.037892, 0.0329495, -0.180075
123, 0.0379832, 0.0657566, -0.180085
124, 0.0380519, 0.0985771, -0.180091
125, 0.038102, 0.13138, -0.180089
126, 0.0381524, 0.164189, -0.180058
127, 0.0663672, -7.73706e-06, -0.179958
128, 0.0664926, 0.0328302, -0.179928
129, 0.0665678, 0.0656689, -0.179932
130, 0.0666313, 0.0985129, -0.17994
131, 0.0666892, 0.131348, -0.17995
132, 0.0667084, 0.164177, -0.179996
133, 0.0949389, -0.000212011, -0.179782
134, 0.0950718, 0.0326678, -0.179687
135, 0.0951387, 0.0655667, -0.179686
136, 0.0951986, 0.0984633, -0.179692
137, 0.0952593, 0.131361, -0.179702
138, 0.0952643, 0.164244, -0.179811
139, 0.123472, -0.000408536, -0.179392
140, 0.123613, 0.0325253, -0.179303
141, 0.123697, 0.0654781, -0.179337
142, 0.123756, 0.0984151, -0.179344
143, 0.123801, 0.131363, -0.179316
144, 0.1238, 0.164304, -0.179417
145, -0.0256256, 0.000539332, -0.240409
146, -0.0254574, 0.0332618, -0.240479
147, -0.0253231, 0.0659654, -0.240449
148, -0.0252479, 0.0986667, -0.240451
149, -0.0252409, 0.131363, -0.24048
150, -0.0252663, 0.164098, -0.240407
151, 0.00277676, 0.00037835, -0.240089
152, 0.0029394, 0.0331253, -0.240162
153, 0.00306437, 0.0658695, -0.240165
154, 0.00313538, 0.0986155, -0.240168
155, 0.00315778, 0.131357, -0.240168
156, 0.00314675, 0.164102, -0.240097
157, 0.031306, 0.000170526, -0.240035
158, 0.0314675, 0.0329824, -0.240059
159, 0.031572, 0.0657719, -0.240073
160, 0.0316426, 0.0985652, -0.240075
161, 0.0316791, 0.131354, -0.240067
162, 0.0316622, 0.164157, -0.240048
163, 0.0598458, -6.47085e-05, -0.239984
164, 0.0600284, 0.0327951, -0.239966
165, 0.0601199, 0.0656601, -0.239969
166, 0.0601888, 0.0985304, -0.239971
167, 0.0602375, 0.131393, -0.239973
168, 0.0601992, 0.164251, -0.239998
169, 0.088414, -0.000384396, -0.239876
170, 0.0886159, 0.032578, -0.239816
171, 0.0887095, 0.0655432, -0.239817
172, 0.0887747, 0.098504, -0.23982
173, 0.0888157, 0.131469, -0.239825
174, 0.0887546, 0.164423, -0.239893
175, 0.117048, -0.000689349, -0.239577
176, 0.117262, 0.0323857, -0.239529
177, 0.117381, 0.0654404, -0.239563
178, 0.117445, 0.0984722, -0.239566
179, 0.117455, 0.131526, -0.239541
180, 0.117376, 0.164589, -0.239597
181, -0.0319205, 0.000740466, -0.3
182, -0.0316812, 0.0333655, -0.3
183, -0.0315183, 0.0659847, -0.3
184, -0.0314467, 0.0986464, -0.3
185, -0.0314579, 0.131269, -0.3
186, -0.031544, 0.163882, -0.3
187, -0.00352714, 0.000468034, -0.3
188, -0.00332837, 0.0331805, -0.3
189, -0.0031923, 0.065882, -0.3
190, -0.0031184, 0.0986033, -0.3
191, -0.00310995, 0.131304, -0.3
192, -0.00316398, 0.164011, -0.3
193, 0.0249994, 0.00018024, -0.3
194, 0.0251871, 0.0329939, -0.3
195, 0.0253019, 0.0657786, -0.3
196, 0.025373, 0.0985611, -0.3
197, 0.0254041, 0.131342, -0.3
198, 0.0253652, 0.164155, -0.3
199, 0.0535209, -7.52807e-05, -0.3
200, 0.0537209, 0.0327828, -0.3
201, 0.0538206, 0.065658, -0.3
202, 0.0538903, 0.0985362, -0.3
203, 0.053931, 0.13141, -0.3
204, 0.0538743, 0.164261, -0.3
205, 0.0820593, -0.000445348, -0.3
206, 0.0822809, 0.0325406, -0.3
207, 0.0823817, 0.0655352, -0.3
208, 0.0824504, 0.0985177, -0.3
209, 0.0824886, 0.13151, -0.3
210, 0.082408, 0.164494, -0.3
211, 0.110745, -0.000781135, -0.3
212, 0.11099, 0.0323238, -0.3
213, 0.111114, 0.06543, -0.3
214, 0.111179, 0.098489, -0.3
215, 0.11119, 0.131589, -0.3
216, 0.111085, 0.164688, -0.3
*Step  = 2
*Time  = 0.2
*Data  = ux;uy;uz
1, 0, 0, 0
2, 0, 0.0678144, 0
3, 0, 0.136473, 0
4, 0, 0.205343, 0
5, 0, 0.274598, 0
6, 0, 0.344081, 0
7, 0.058382, 0, 0
8, 0.0582759, 0.0679078, 0
9, 0.0584347, 0.136332, 0
10, 0.0586123, 0.20501, 0
11, 0.0587538, 0.273826, 0
12, 0.0596371, 0.342585, 0
13, 0.115935, 0, 0
14, 0.115886, 0.0680312, 0
15, 0.116081, 0.136091, 0
16, 0.116359, 0.204258, 0
17, 0.116751, 0.272377, 0
18, 0.117829, 0.340392, 0
19, 0.173344, 0, 0
20, 0.173349, 0.0680016, 0
21, 0.173506, 0.135796, 0
22, 0.173855, 0.203443, 0
23, 0.174425, 0.271092, 0
24, 0.175469, 0.338834, 0
25, 0.230682, 0, 0
26, 0.230694, 0.0679111, 0
27, 0.230812, 0.135403, 0
28, 0.231196, 0.202728, 0
29, 0.231937, 0.269923, 0
30, 0.233138, 0.337157, 0
31, 0.28736, 0, 0
32, 0.287273, 0.0678591, 0
33, 0.287298, 0.135079, 0
34, 0.287667, 0.202087, 0
35, 0.288594, 0.268833, 0
36, 0.290004, 0.335423, 0
37, -0.0190525, -0.00229702, -0.121919
38, -0.0193549, 0.0675143, -0.121972
39, -0.019104, 0.136595, -0.122054
40, -0.0187914, 0.205449, -0.122068
41, -0.0182726, 0.274583, -0.122455
42, -0.0171421, 0.34362, -0.122175
43, 0.0394683, -0.00121561, -0.120483
44, 0.0392646, 0.0676996, -0.120626
45, 0.0395189, 0.136355, -0.120822
46, 0.0397512, 0.20493, -0.120909
47, 0.0399382, 0.273596, -0.121148
48, 0.0407002, 0.342066, -0.120989
49, 0.0973958, -8.43489e-06, -0.119944
50, 0.097263, 0.0680102, -0.120026
51, 0.0974898, 0.136104, -0.120058
52, 0.0977254, 0.204222, -0.120124
53, 0.0979636, 0.272317, -0.120248
54, 0.0988031, 0.340351, -0.120191
55, 0.155013, 0.000458031, -0.119646
56, 0.154995, 0.0681182, -0.119608
57, 0.155163, 0.135787, -0.119515
58, 0.155435, 0.203512, -0.119558
59, 0.155883, 0.27118, -0.119666
60, 0.156736, 0.338954, -0.119854
61, 0.212546, 0.00081072, -0.119424
62, 0.212532, 0.0679967, -0.11925
63, 0.21263, 0.135398, -0.119103
64, 0.212934, 0.20288, -0.119101
65, 0.213545, 0.270289, -0.119088
66, 0.214439, 0.337739, -0.119542
67, 0.269259, 0.000917572, -0.117953
68, 0.269256, 0.0678476, -0.117733
69, 0.269393, 0.135062, -0.117636
70, 0.269738, 0.202335, -0.117637
71, 0.270443, 0.269484, -0.117398
72, 0.271458, 0.336802, -0.117843
73, -0.0380596, -0.000486639, -0.243246
74, -0.0381341, 0.0679469, -0.243575
75, -0.0379044, 0.136664, -0.243272
76, -0.0375185, 0.205198, -0.243405
77, -0.0371599, 0.273729, -0.243614
78, -0.0364752, 0.342429, -0.243165
79, 0.0195526, -9.41821e-05, -0.241162
80, 0.019609, 0.0680266, -0.241619
81, 0.0200201, 0.136408, -0.241578
82, 0.020342, 0.204728, -0.241701
83, 0.0206396, 0.273003, -0.241768
84, 0.0213623, 0.341189, -0.241278
85, 0.0774914, 0.000261116, -0.240031
86, 0.0776385, 0.0681995, -0.240213
87, 0.0779875, 0.136164, -0.240232
88, 0.0782599, 0.204171, -0.24032
89, 0.0785012, 0.2721, -0.240463
90, 0.0790651, 0.339907, -0.240383
91, 0.135476, 0.000304282, -0.239583
92, 0.135742, 0.068094, -0.239468
93, 0.135984, 0.135812, -0.239468
94, 0.136241, 0.203655, -0.239502
95, 0.136571, 0.2714, -0.239639
96, 0.137019, 0.339132, -0.239894
97, 0.193125, -0.000169524, -0.238792
98, 0.193423, 0.0676588, -0.238357
99, 0.193581, 0.135384, -0.238395
100, 0.193849, 0.203228, -0.238368
101, 0.1943, 0.271056, -0.238443
102, 0.194753, 0.338836, -0.239088
103, 0.250414, -0.000838042, -0.236661
104, 0.25066, 0.0672583, -0.236254
105, 0.250817, 0.13503, -0.236478
106, 0.251152, 0.20285, -0.236406
107, 0.251598, 0.270739, -0.236233
108, 0.252075, 0.33874, -0.236805
109, -0.0577284, 0.00100188, -0.363157
110, -0.0572333, 0.0690904, -0.363718
111, -0.0567029, 0.136972, -0.363515
112, -0.0563712, 0.204813, -0.363514
113, -0.0561536, 0.272735, -0.363799
114, -0.0558834, 0.340667, -0.363298
115, -0.000359494, 0.000948631, -0.360979
116, 0.000106161, 0.068777, -0.361595
117, 0.000648579, 0.136598, -0.361623
118, 0.000998945, 0.204476, -0.361634
119, 0.00113388, 0.272292, -0.361674
120, 0.00135839, 0.340064, -0.361101
121, 0.0573078, 0.000738083, -0.360231
122, 0.0578204, 0.0684845, -0.360443
123, 0.0582976, 0.136247, -0.360486
124, 0.0586316, 0.204098, -0.360531
125, 0.0588461, 0.271826, -0.360537
126, 0.0590703, 0.339579, -0.360365
127, 0.115284, -4.43002e-05, -0.359766
128, 0.115942, 0.0678737, -0.359603
129, 0.116313, 0.135811, -0.35964
130, 0.116613, 0.203793, -0.359691
131, 0.116882, 0.271709, -0.359745
132, 0.116927, 0.339562, -0.360008
133, 0.173214, -0.00116594, -0.358757
134, 0.173894, 0.0669991, -0.35823
135, 0.174195, 0.135288, -0.358257
136, 0.17447, 0.203577, -0.358296
137, 0.174768, 0.271863, -0.35833
138, 0.174747, 0.340039, -0.358951
139, 0.2309, -0.0022675, -0.356687
140, 0.231621, 0.0662366, -0.356233
141, 0.232015, 0.134849, -0.356495
142, 0.232287, 0.203367, -0.356536
143, 0.232496, 0.271957, -0.356313
144, 0.232442, 0.340506, -0.356835
145, -0.0769551, 0.00291422, -0.482196
146, -0.0760121, 0.0701783, -0.482577
147, -0.0753027, 0.137335, -0.482363
148, -0.0749307, 0.204486, -0.482381
149, -0.0749385, 0.271598, -0.482592
150, -0.0751773, 0.338916, -0.482207
151, -0.0200039, 0.00202898, -0.480511
152, -0.0191177, 0.0694502, -0.480925
153, -0.0184406, 0.136847, -0.480926
154, -0.0180923, 0.204251, -0.480945
155, -0.0180452, 0.271631, -0.480964
156, -0.018188, 0.339027, -0.48057
157, 0.037652, 0.000923128, -0.480232
158, 0.0385173, 0.0686954, -0.480381
159, 0.0390807, 0.136348, -0.480458
160, 0.0394273, 0.204028, -0.480469
161, 0.039553, 0.271675, -0.48043
162, 0.0393894, 0.339388, -0.480323
163, 0.0953702, -0.000355618, -0.479935
164, 0.0963529, 0.0676894, -0.479833
165, 0.096819, 0.135772, -0.479856
166, 0.0971534, 0.203893, -0.479873
167, 0.0973686, 0.271959, -0.479878
168, 0.0970868, 0.33999, -0.480017
169, 0.153277, -0.00217219, -0.479298
170, 0.154362, 0.0664795, -0.47896
171, 0.154812, 0.135162, -0.478983
172, 0.155122, 0.203815, -0.478998
173, 0.155317, 0.272493, -0.479014
174, 0.15491, 0.341098, -0.479397
175, 0.211518, -0.00392369, -0.477722
176, 0.212668, 0.0654325, -0.4775
177, 0.213243, 0.134643, -0.477738
178, 0.213544, 0.203697, -0.47776
179, 0.213577, 0.272897, -0.477578
180, 0.213071, 0.342185, -0.47785
181, -0.0955139, 0.00416724, -0.6
182, -0.0941513, 0.0708068, -0.6
183, -0.0932906, 0.137461, -0.6
184, -0.0929348, 0.204364, -0.6
185, -0.0930452, 0.271031, -0.6
186, -0.093652, 0.3376, -0.6
187, -0.0386102, 0.00257687, -0.6
188, -0.0374915, 0.0697894, -0.6
189, -0.0367429, 0.136932, -0.6
190, -0.0363771, 0.204177, -0.6
191, -0.0364122, 0.27131, -0.6
192, -0.0368174, 0.338487, -0.6
193, 0.0189732, 0.00102112, -0.6
194, 0.0199944, 0.0687828, -0.6
195, 0.020633, 0.136397, -0.6
196, 0.0209809, 0.204003, -0.6
197, 0.0210588, 0.271591, -0.6
198, 0.0207674, 0.339342, -0.6
199, 0.0765496, -0.000377781, -0.6
200, 0.0776231, 0.0676431, -0.6
201, 0.0781515, 0.135767, -0.6
202, 0.0784927, 0.203925, -0.6
203, 0.078648, 0.272044, -0.6
204, 0.0782677, 0.340016, -0.6
205, 0.13426, -0.00247906, -0.6
206, 0.135458, 0.0662808, -0.6
207, 0.135962, 0.135116, -0.6
208, 0.136297, 0.203896, -0.6
209, 0.136469, 0.272719, -0.6
210, 0.135954, 0.341466, -0.6
211, 0.192754, -0.00439896, -0.6
212, 0.194067, 0.0651013, -0.6
213, 0.194659, 0.134582, -0.6
214, 0.194974, 0.203793, -0.6
215, 0.19503, 0.273238, -0.6
216, 0.194393, 0.342703, -0.6
*Step  = 3
*Time  = 0.3
*Data  = ux;uy;uz
1, 0, 0, 0
2, 0, 0.104167, 0
3, 0, 0.210596, 0
4, 0, 0.317634, 0
5, 0, 0.425846, 0
6, 0, 0.534903, 0
7, 0.0901122, 0, 0
8, 0.0897716, 0.104436, 0
9, 0.0901589, 0.210269, 0
10, 0.0905954, 0.316837, 0
11, 0.0909528, 0.423856, 0
12, 0.0932548, 0.530767, 0
13, 0.177992, 0, 0
14, 0.177792, 0.104829, 0
15, 0.178224, 0.209709, 0
16, 0.17893, 0.314921, 0
17, 0.179998, 0.419998, 0
18, 0.182865, 0.524775, 0
19, 0.265482, 0, 0
20, 0.26541, 0.104758, 0
21, 0.265719, 0.208991, 0
22, 0.266612, 0.312816, 0
23, 0.268189, 0.416649, 0
24, 0.271, 0.520706, 0
25, 0.352805, 0, 0
26, 0.352747, 0.104543, 0
27, 0.352972, 0.207997, 0
28, 0.353945, 0.310965, 0
29, 0.355929, 0.41357, 0
30, 0.359229, 0.516298, 0
31, 0.438534, 0, 0
32, 0.438207, 0.104496, 0
33, 0.438156, 0.207204, 0
34, 0.439068, 0.309306, 0
35, 0.441471, 0.410636, 0
36, 0.445359, 0.511463, 0
37, -0.0370908, -0.00677193, -0.184862
38, -0.0379913, 0.103046, -0.184937
39, -0.0373512, 0.210851, -0.185092
40, -0.0365954, 0.317972, -0.185107
41, -0.0353604, 0.425888, -0.186292
42, -0.0324376, 0.533578, -0.185534
43, 0.0534343, -0.00358366, -0.181151
44, 0.0527965, 0.103687, -0.181498
45, 0.0534178, 0.210287, -0.182002
46, 0.0539926, 0.316645, -0.18222
47, 0.0543995, 0.423266, -0.182933
48, 0.0563452, 0.529354, -0.182522
49, 0.142416, -7.36008e-05, -0.17976
50, 0.14196, 0.104701, -0.179956
51, 0.142473, 0.209722, -0.180029
52, 0.14305, 0.314822, -0.180206
53, 0.143634, 0.419867, -0.180569
54, 0.145805, 0.524761, -0.180438
55, 0.230523, 0.0011926, -0.178985
56, 0.230369, 0.105081, -0.178889
57, 0.230711, 0.208973, -0.178651
58, 0.231382, 0.313021, -0.178772
59, 0.232567, 0.416939, -0.179059
60, 0.234815, 0.52115, -0.179584
61, 0.318471, 0.00226078, -0.178535
62, 0.318301, 0.104877, -0.178107
63, 0.318477, 0.208023, -0.177722
64, 0.319227, 0.311403, -0.177716
65, 0.320845, 0.414615, -0.177634
66, 0.323248, 0.517938, -0.178852
67, 0.404187, 0.00285093, -0.174782
68, 0.404043, 0.104596, -0.174219
69, 0.404365, 0.207195, -0.173975
70, 0.405215, 0.310015, -0.173976
71, 0.407045, 0.412479, -0.173226
72, 0.409814, 0.515353, -0.174377
73, -0.0741302, -0.00178084, -0.368374
74, -0.0743929, 0.104261, -0.369144
75, -0.0738148, 0.211019, -0.368213
76, -0.0728563, 0.317291, -0.368583
77, -0.071994, 0.42355, -0.369332
78, -0.070256, 0.530278, -0.36823
79, 0.0140697, -0.000523105, -0.362907
80, 0.0141367, 0.104587, -0.364125
81, 0.0151847, 0.210424, -0.363945
82, 0.0159632, 0.316113, -0.364287
83, 0.0166526, 0.421663, -0.364567
84, 0.018491, 0.526927, -0.363269
85, 0.10314, 0.000515315, -0.359955
86, 0.103426, 0.105155, -0.360434
87, 0.104271, 0.209878, -0.360463
88, 0.104924, 0.314718, -0.360705
89, 0.105493, 0.419343, -0.361136
90, 0.106909, 0.523596, -0.360963
91, 0.1924, 0.000732987, -0.358888
92, 0.192986, 0.104979, -0.358587
93, 0.193533, 0.209044, -0.358588
94, 0.194146, 0.313447, -0.358693
95, 0.194955, 0.417577, -0.359069
96, 0.196073, 0.521671, -0.35977
97, 0.280714, -0.000302309, -0.356945
98, 0.281362, 0.103964, -0.355789
99, 0.281682, 0.208011, -0.355929
100, 0.282324, 0.312394, -0.355856
101, 0.283459, 0.416721, -0.356
102, 0.284641, 0.520884, -0.357743
103, 0.367927, -0.0019841, -0.351338
104, 0.368433, 0.103011, -0.350325
105, 0.368773, 0.207162, -0.351031
106, 0.369599, 0.311465, -0.350826
107, 0.370715, 0.415943, -0.350217
108, 0.371999, 0.520691, -0.351651
109, -0.112694, 0.00240692, -0.548207
110, -0.111399, 0.107387, -0.549597
111, -0.110052, 0.211886, -0.54891
112, -0.109232, 0.316262, -0.548939
113, -0.108764, 0.42084, -0.549845
114, -0.108206, 0.525414, -0.548622
115, -0.0252401, 0.00234081, -0.542441
116, -0.0240314, 0.106631, -0.544084
117, -0.0226398, 0.210962, -0.544086
118, -0.0217789, 0.31546, -0.544134
119, -0.0215247, 0.419759, -0.544328
120, -0.0210652, 0.523899, -0.542812
121, 0.0631436, 0.00178543, -0.540589
122, 0.0644428, 0.105922, -0.541151
123, 0.0656597, 0.210114, -0.541236
124, 0.0664683, 0.314551, -0.541372
125, 0.0669317, 0.418632, -0.541428
126, 0.0674235, 0.522777, -0.540987
127, 0.152385, -0.000162298, -0.53947
128, 0.154062, 0.104414, -0.539044
129, 0.154983, 0.209055, -0.539151
130, 0.155695, 0.313831, -0.539288
131, 0.156312, 0.418408, -0.539439
132, 0.156322, 0.522781, -0.54016
133, 0.241438, -0.00302684, -0.536851
134, 0.243142, 0.102189, -0.535447
135, 0.243844, 0.207759, -0.535581
136, 0.244487, 0.313352, -0.535675
137, 0.2452, 0.418921, -0.53571
138, 0.245055, 0.52415, -0.537388
139, 0.329791, -0.00595933, -0.531392
140, 0.331601, 0.100216, -0.530289
141, 0.33255, 0.206681, -0.531127
142, 0.333191, 0.31289, -0.531223
143, 0.333662, 0.419312, -0.530481
144, 0.333431, 0.525618, -0.531767
145, -0.150069, 0.00762075, -0.725695
146, -0.147528, 0.110385, -0.726664
147, -0.145707, 0.212885, -0.726003
148, -0.144795, 0.315404, -0.72606
149, -0.144891, 0.417776, -0.726728
150, -0.145709, 0.520648, -0.725764
151, -0.0636739, 0.00522209, -0.721282
152, -0.0613286, 0.108482, -0.722386
153, -0.0595548, 0.211664, -0.722347
154, -0.058705, 0.314861, -0.722404
155, -0.0587132, 0.417991, -0.72251
156, -0.059252, 0.521159, -0.721476
157, 0.0246119, 0.00235941, -0.72066
158, 0.0268727, 0.106543, -0.721067
159, 0.0283577, 0.210417, -0.721255
160, 0.0292015, 0.314363, -0.721288
161, 0.0293871, 0.418211, -0.721208
162, 0.0288168, 0.522222, -0.72093
163, 0.113021, -0.000902093, -0.71993
164, 0.115595, 0.103978, -0.719658
165, 0.11679, 0.208977, -0.71972
166, 0.117596, 0.314094, -0.719767
167, 0.118047, 0.419043, -0.719781
168, 0.11716, 0.523875, -0.720165
169, 0.201967, -0.00577837, -0.718271
170, 0.204813, 0.100776, -0.717359
171, 0.205916, 0.207431, -0.717449
172, 0.206657, 0.313993, -0.717489
173, 0.207093, 0.420639, -0.717496
174, 0.205863, 0.527066, -0.718533
175, 0.291795, -0.010545, -0.714132
176, 0.294798, 0.0980118, -0.713618
177, 0.296203, 0.206132, -0.714331
178, 0.296913, 0.313784, -0.714386
179, 0.296947, 0.421879, -0.71382
180, 0.295468, 0.530263, -0.714468
181, -0.185613, 0.0111513, -0.9
182, -0.181914, 0.112138, -0.9
183, -0.179727, 0.213251, -0.9
184, -0.178849, 0.315074, -0.9
185, -0.179192, 0.416207, -0.9
186, -0.181038, 0.517002, -0.9
187, -0.0993852, 0.00676714, -0.9
188, -0.0963565, 0.10944, -0.9
189, -0.0943908, 0.211919, -0.9
190, -0.0934936, 0.314661, -0.9
191, -0.0937107, 0.417102, -0.9
192, -0.0949922, 0.519668, -0.9
193, -0.0113764, 0.00272593, -0.9
194, -0.00867707, 0.106839, -0.9
195, -0.00695889, 0.210575, -0.9
196, -0.00611214, 0.31429, -0.9
197, -0.00608484, 0.41795, -0.9
198, -0.00700939, 0.522007, -0.9
199, 0.0765877, -0.000857684, -0.9
200, 0.079393, 0.103908, -0.9
201, 0.0807915, 0.208981, -0.9
202, 0.0816204, 0.314176, -0.9
203, 0.0818764, 0.419237, -0.9
204, 0.0807357, 0.523861, -0.9
205, 0.164886, -0.00651777, -0.9
206, 0.168043, 0.100269, -0.9
207, 0.169327, 0.207307, -0.9
208, 0.170139, 0.314219, -0.9
209, 0.17049, 0.421229, -0.9
210, 0.168976, 0.527991, -0.9
211, 0.255284, -0.0117448, -0.9
212, 0.258733, 0.0971523, -0.9
213, 0.260191, 0.205964, -0.9
214, 0.26095, 0.314041, -0.9
215, 0.261046, 0.422771, -0.9
216, 0.259219, 0.531575, -0.9
*Step  = 4
*Time  = 0.4
*Data  = ux;uy;uz
1, 0, 0, 0
2, 0, 0.141887, 0
3, 0, 0.288184, 0
4, 0, 0.435649, 0
5, 0, 0.585627, 0
6, 0, 0.737531, 0
7, 0.124028, 0, 0
8, 0.12328, 0.142445, 0
9, 0.123973, 0.28761, 0
10, 0.12477, 0.434228, 0
11, 0.12544, 0.581833, 0
12, 0.129842, 0.729253, 0
13, 0.24358, 0, 0
14, 0.24308, 0.143306, 0
15, 0.243757, 0.286631, 0
16, 0.245073, 0.430631, 0
17, 0.247211, 0.574343, 0
18, 0.252774, 0.717401, 0
19, 0.362529, 0, 0
20, 0.362247, 0.143133, 0
21, 0.362656, 0.285305, 0
22, 0.364317, 0.426658, 0
23, 0.367465, 0.568036, 0
24, 0.372962, 0.709819, 0
25, 0.481248, 0, 0
26, 0.480994, 0.14274, 0
27, 0.481288, 0.283444, 0
28, 0.483079, 0.42316, 0
29, 0.4869, 0.562141, 0
30, 0.49347, 0.701371, 0
31, 0.596939, 0, 0
32, 0.596167, 0.142819, 0
33, 0.595893, 0.282031, 0
34, 0.597529, 0.42004, 0
35, 0.602035, 0.556399, 0
36, 0.609801, 0.691607, 0
37, -0.0601692, -0.0141337, -0.249072
38, -0.0621403, 0.13918, -0.249194
39, -0.0609731, 0.288499, -0.249355
40, -0.05962, 0.43634, -0.249323
41, -0.0574302, 0.585803, -0.251807
42, -0.0518194, 0.734898, -0.250261
43, 0.0646821, -0.00737416, -0.241843
44, 0.0632429, 0.140704, -0.242513
45, 0.0643486, 0.287534, -0.243408
46, 0.065396, 0.433852, -0.243792
47, 0.0660624, 0.580692, -0.245274
48, 0.0697533, 0.726456, -0.24447
49, 0.186542, -9.1467e-05, -0.23937
50, 0.185484, 0.142957, -0.239741
51, 0.186333, 0.286599, -0.239836
52, 0.187379, 0.430422, -0.240165
53, 0.188463, 0.574117, -0.240884
54, 0.192589, 0.717517, -0.240623
55, 0.306695, 0.00221512, -0.238003
56, 0.306237, 0.14378, -0.237831
57, 0.306739, 0.285283, -0.237396
58, 0.307961, 0.427086, -0.237627
59, 0.310271, 0.568675, -0.238161
60, 0.314594, 0.710858, -0.239185
61, 0.426748, 0.00448568, -0.237421
62, 0.426201, 0.143563, -0.236636
63, 0.426427, 0.283576, -0.235929
64, 0.42779, 0.424066, -0.235912
65, 0.430912, 0.564262, -0.235663
66, 0.435611, 0.704682, -0.238027
67, 0.542351, 0.00619639, -0.230212
68, 0.541848, 0.143223, -0.229145
69, 0.542416, 0.282073, -0.228737
70, 0.543958, 0.421481, -0.228741
71, 0.547422, 0.560128, -0.227096
72, 0.552893, 0.699477, -0.229248
73, -0.120487, -0.00411004, -0.495778
74, -0.121112, 0.141682, -0.497125
75, -0.120055, 0.288789, -0.495123
76, -0.118319, 0.434965, -0.495819
77, -0.116777, 0.581138, -0.497578
78, -0.113499, 0.728265, -0.495551
79, -3.5709e-06, -0.00131791, -0.485068
80, -2.99426e-05, 0.142509, -0.487467
81, 0.0019202, 0.287775, -0.487015
82, 0.00331226, 0.4328, -0.48767
83, 0.00451091, 0.577532, -0.488351
84, 0.00799037, 0.721655, -0.485804
85, 0.122208, 0.000744006, -0.479632
86, 0.122587, 0.143738, -0.480571
87, 0.124096, 0.286877, -0.480592
88, 0.125264, 0.430249, -0.481049
89, 0.126274, 0.5732, -0.481933
90, 0.128903, 0.715401, -0.481631
91, 0.244888, 0.00124421, -0.477969
92, 0.245835, 0.14352, -0.477394
93, 0.246759, 0.285421, -0.477383
94, 0.247859, 0.427961, -0.477593
95, 0.249339, 0.569969, -0.478312
96, 0.251398, 0.711951, -0.479679
97, 0.365676, -0.000352878, -0.474612
98, 0.366705, 0.1418, -0.472353
99, 0.367188, 0.283595, -0.472671
100, 0.368341, 0.426058, -0.472524
101, 0.370457, 0.56838, -0.472697
102, 0.372715, 0.710351, -0.476124
103, 0.484107, -0.00342844, -0.463624
104, 0.484869, 0.140129, -0.461795
105, 0.485422, 0.282089, -0.463346
106, 0.486933, 0.424376, -0.462927
107, 0.488987, 0.566977, -0.46147
108, 0.491479, 0.710044, -0.464075
109, -0.183351, 0.00431637, -0.735575
110, -0.18089, 0.147848, -0.738075
111, -0.178386, 0.290551, -0.736487
112, -0.176892, 0.432993, -0.736588
113, -0.176143, 0.575813, -0.738585
114, -0.175288, 0.718562, -0.736401
115, -0.064426, 0.00427621, -0.724234
116, -0.0621323, 0.1465, -0.727421
117, -0.059515, 0.288869, -0.727305
118, -0.0579569, 0.43158, -0.727426
119, -0.0576222, 0.573869, -0.727932
120, -0.0569384, 0.715798, -0.724991
121, 0.0565153, 0.00313351, -0.721024
122, 0.0589339, 0.1452, -0.722092
123, 0.0612136, 0.28735, -0.722204
124, 0.0626632, 0.42997, -0.722482
125, 0.0634016, 0.571885, -0.72265
126, 0.064199, 0.713959, -0.721828
127, 0.179172, -0.000379073, -0.719253
128, 0.182319, 0.142489, -0.718418
129, 0.184018, 0.285456, -0.71861
130, 0.185282, 0.42871, -0.718867
131, 0.186325, 0.571551, -0.719175
132, 0.186169, 0.713986, -0.720621
133, 0.301362, -0.00566003, -0.714471
134, 0.30453, 0.138361, -0.711722
135, 0.305765, 0.283098, -0.712052
136, 0.306895, 0.427923, -0.7122
137, 0.30816, 0.572672, -0.712176
138, 0.307722, 0.716703, -0.715483
139, 0.422072, -0.0113786, -0.703725
140, 0.425454, 0.134595, -0.701761
141, 0.427173, 0.281137, -0.703605
142, 0.428308, 0.427169, -0.703746
143, 0.429093, 0.57366, -0.702045
144, 0.428488, 0.719919, -0.704359
145, -0.243892, 0.0145733, -0.970848
146, -0.238916, 0.15376, -0.972625
147, -0.235506, 0.292511, -0.971187
148, -0.233856, 0.431376, -0.971307
149, -0.234142, 0.569864, -0.972773
150, -0.236013, 0.709222, -0.971018
151, -0.126924, 0.00979848, -0.962205
152, -0.12239, 0.150115, -0.964343
153, -0.119001, 0.290267, -0.964188
154, -0.11747, 0.430449, -0.964308
155, -0.117679, 0.570487, -0.964603
156, -0.11897, 0.710596, -0.962618
157, -0.00621184, 0.00437644, -0.961291
158, -0.00189451, 0.14648, -0.962068
159, 0.000981044, 0.287982, -0.96239
160, 0.00249697, 0.42962, -0.962461
161, 0.0026148, 0.571054, -0.962354
162, 0.00130814, 0.712803, -0.96184
163, 0.114568, -0.00156126, -0.960105
164, 0.119525, 0.141759, -0.959556
165, 0.121806, 0.285351, -0.959661
166, 0.123244, 0.429208, -0.959754
167, 0.123908, 0.572698, -0.959797
168, 0.121951, 0.71591, -0.960573
169, 0.236398, -0.011074, -0.957122
170, 0.241924, 0.135588, -0.955295
171, 0.243955, 0.28247, -0.95551
172, 0.245269, 0.429162, -0.955573
173, 0.245969, 0.57604, -0.955528
174, 0.243295, 0.722463, -0.957603
175, 0.359983, -0.0205807, -0.948962
176, 0.365799, 0.130199, -0.948064
177, 0.368368, 0.280058, -0.94956
178, 0.369625, 0.428916, -0.949643
179, 0.369594, 0.578751, -0.948403
180, 0.366452, 0.729229, -0.949559
181, -0.300769, 0.0217041, -1.2
182, -0.293458, 0.157279, -1.2
183, -0.289416, 0.293263, -1.2
184, -0.287821, 0.430744, -1.2
185, -0.288517, 0.56675, -1.2
186, -0.292475, 0.701944, -1.2
187, -0.184236, 0.0129122, -1.2
188, -0.178268, 0.152045, -1.2
189, -0.174538, 0.29081, -1.2
190, -0.172913, 0.430058, -1.2
191, -0.173481, 0.568732, -1.2
192, -0.176291, 0.707643, -1.2
193, -0.0641393, 0.00523437, -1.2
194, -0.0589316, 0.14715, -1.2
195, -0.0555663, 0.288334, -1.2
196, -0.0540414, 0.42947, -1.2
197, -0.0542642, 0.570494, -1.2
198, -0.056282, 0.712263, -1.2
199, 0.0557304, -0.00129695, -1.2
200, 0.0611018, 0.141709, -1.2
201, 0.0638374, 0.285388, -1.2
202, 0.0653237, 0.429363, -1.2
203, 0.0655497, 0.573019, -1.2
204, 0.0631376, 0.715739, -1.2
205, 0.176025, -0.0123836, -1.2
206, 0.182159, 0.134632, -1.2
207, 0.184596, 0.282231, -1.2
208, 0.186048, 0.429616, -1.2
209, 0.186535, 0.577173, -1.2
210, 0.183325, 0.724165, -1.2
211, 0.300523, -0.0228142, -1.2
212, 0.30724, 0.128551, -1.2
213, 0.30995, 0.279725, -1.2
214, 0.311306, 0.429422, -1.2
215, 0.311369, 0.580468, -1.2
216, 0.30753, 0.731679, -1.2
*Step  = 5
*Time  = 0.5
*Data  = ux;uy;uz
1, 0, 0, 0
2, 0, 0.181175, 0
3, 0, 0.369601, 0
4, 0, 0.559798, 0
5, 0, 0.754397, 0
6, 0, 0.952433, 0
7, 0.160089, 0, 0
8, 0.158785, 0.182144, 0
9, 0.159845, 0.368728, 0
10, 0.161081, 0.557635, 0
11, 0.16212, 0.748264, 0
12, 0.169202, 0.938542, 0
13, 0.312609, 0, 0
14, 0.311652, 0.183687, 0
15, 0.312504, 0.367252, 0
16, 0.314562, 0.551924, 0
17, 0.318158, 0.736061, 0
18, 0.327197, 0.918968, 0
19, 0.464621, 0, 0
20, 0.463958, 0.183288, 0
21, 0.464344, 0.365143, 0
22, 0.466927, 0.545613, 0
23, 0.472151, 0.726162, 0
24, 0.481146, 0.907355, 0
25, 0.616414, 0, 0
26, 0.615793, 0.182681, 0
27, 0.616077, 0.362188, 0
28, 0.618831, 0.540054, 0
29, 0.624943, 0.716673, 0
30, 0.635905, 0.893696, 0
31, 0.763089, 0, 0
32, 0.761632, 0.183098, 0
33, 0.76094, 0.360085, 0
34, 0.7634, 0.535124, 0
35, 0.770463, 0.707216, 0
36, 0.783476, 0.877124, 0
37, -0.0879017, -0.0243013, -0.314302
38, -0.0915199, 0.176051, -0.314593
39, -0.0897372, 0.369792, -0.314648
40, -0.0876858, 0.560903, -0.314472
41, -0.0843805, 0.754773, -0.318671
42, -0.0752101, 0.948151, -0.315954
43, 0.0735145, -0.0123549, -0.302179
44, 0.0708314, 0.178975, -0.303345
45, 0.072497, 0.36841, -0.304652
46, 0.0741093, 0.556977, -0.305201
47, 0.0750376, 0.746355, -0.30771
48, 0.0809904, 0.933879, -0.306329
49, 0.230007, 0.000125918, -0.298759
50, 0.228054, 0.183017, -0.299389
51, 0.22924, 0.367103, -0.299463
52, 0.230847, 0.551542, -0.299957
53, 0.232571, 0.735699, -0.30109
54, 0.239179, 0.919318, -0.300593
55, 0.383826, 0.00335804, -0.296838
56, 0.382886, 0.184369, -0.296578
57, 0.383485, 0.365128, -0.29592
58, 0.385369, 0.546346, -0.296272
59, 0.389165, 0.727274, -0.297096
60, 0.396132, 0.909225, -0.298739
61, 0.53794, 0.00736386, -0.296361
62, 0.53673, 0.184266, -0.295121
63, 0.536952, 0.362537, -0.294046
64, 0.539043, 0.541601, -0.294005
65, 0.544082, 0.720233, -0.293481
66, 0.551796, 0.899233, -0.297334
67, 0.684536, 0.0110922, -0.284484
68, 0.683379, 0.184037, -0.282765
69, 0.684242, 0.360237, -0.282245
70, 0.686601, 0.537551, -0.282258
71, 0.692091, 0.71349, -0.279317
72, 0.701156, 0.890398, -0.28268
73, -0.176573, -0.00738061, -0.624995
74, -0.177759, 0.18041, -0.627028
75, -0.176133, 0.370237, -0.623546
76, -0.173483, 0.558561, -0.624567
77, -0.171141, 0.746959, -0.627825
78, -0.16588, 0.936976, -0.624591
79, -0.0220872, -0.00234904, -0.60704
80, -0.0223657, 0.18203, -0.611064
81, -0.0193055, 0.368768, -0.610236
82, -0.0171896, 0.555207, -0.61124
83, -0.0154031, 0.74113, -0.612498
84, -0.00979219, 0.926021, -0.608219
85, 0.135371, 0.000930259, -0.598952
86, 0.135749, 0.18414, -0.600526
87, 0.138029, 0.367506, -0.600538
88, 0.139814, 0.551272, -0.601228
89, 0.141357, 0.73435, -0.60267
90, 0.145497, 0.91623, -0.602172
91, 0.293693, 0.00173422, -0.59703
92, 0.29498, 0.183886, -0.596099
93, 0.296321, 0.365353, -0.596032
94, 0.298012, 0.547806, -0.596368
95, 0.300324, 0.729405, -0.597501
96, 0.303543, 0.911085, -0.599706
97, 0.448921, -0.000246096, -0.592367
98, 0.450279, 0.181451, -0.588617
99, 0.450897, 0.362629, -0.589165
100, 0.452666, 0.5449, -0.588921
101, 0.456019, 0.726888, -0.589046
102, 0.459662, 0.90828, -0.594729
103, 0.599991, -0.00495296, -0.574004
104, 0.600931, 0.178978, -0.571238
105, 0.601705, 0.360369, -0.574019
106, 0.604048, 0.542322, -0.573318
107, 0.607242, 0.724741, -0.57053
108, 0.611288, 0.907815, -0.574502
109, -0.268798, 0.00666495, -0.924817
110, -0.264862, 0.190535, -0.928604
111, -0.260934, 0.373198, -0.925664
112, -0.258633, 0.555413, -0.925871
113, -0.257612, 0.738234, -0.929438
114, -0.256504, 0.920824, -0.926129
115, -0.116917, 0.00666608, -0.905845
116, -0.113243, 0.188488, -0.911065
117, -0.109089, 0.370603, -0.910737
118, -0.106701, 0.553304, -0.910958
119, -0.106363, 0.735274, -0.911918
120, -0.105528, 0.916604, -0.907068
121, 0.0385624, 0.00461953, -0.901408
122, 0.0423645, 0.18643, -0.903106
123, 0.0459726, 0.368292, -0.903231
124, 0.048182, 0.550884, -0.903687
125, 0.0491773, 0.732347, -0.904008
126, 0.0502776, 0.914165, -0.902707
127, 0.196869, -0.000674444, -0.899303
128, 0.201854, 0.182338, -0.897893
129, 0.204522, 0.365426, -0.898144
130, 0.206444, 0.549002, -0.898536
131, 0.20794, 0.731883, -0.899072
132, 0.207462, 0.914158, -0.901515
133, 0.354305, -0.00878056, -0.892277
134, 0.359306, 0.175911, -0.8877
135, 0.36117, 0.361797, -0.888293
136, 0.362882, 0.5479, -0.888471
137, 0.364799, 0.733824, -0.88831
138, 0.36387, 0.918523, -0.893817
139, 0.509065, -0.0181625, -0.874187
140, 0.514444, 0.169821, -0.871221
141, 0.517113, 0.358764, -0.874513
142, 0.518842, 0.546849, -0.874661
143, 0.519956, 0.735758, -0.871509
144, 0.518743, 0.924262, -0.875039
145, -0.357244, 0.023514, -1.21742
146, -0.349049, 0.200224, -1.22015
147, -0.343686, 0.376387, -1.21758
148, -0.341153, 0.552873, -1.21779
149, -0.341734, 0.728583, -1.2204
150, -0.345191, 0.905558, -1.21771
151, -0.208369, 0.0154522, -1.20298
152, -0.200986, 0.194317, -1.20648
153, -0.19555, 0.372901, -1.20613
154, -0.193209, 0.551531, -1.20633
155, -0.193791, 0.729909, -1.20691
156, -0.19623, 0.908419, -1.20366
157, -0.0532069, 0.00677771, -1.20202
158, -0.046289, 0.188567, -1.20324
159, -0.0415915, 0.36936, -1.2037
160, -0.0392813, 0.550353, -1.20383
161, -0.0394256, 0.731012, -1.20371
162, -0.0417883, 0.912208, -1.20291
163, 0.101662, -0.00209761, -1.20055
164, 0.1097, 0.181347, -1.19961
165, 0.1134, 0.365316, -1.19973
166, 0.115583, 0.54979, -1.19988
167, 0.116359, 0.733593, -1.19999
168, 0.112853, 0.916841, -1.20132
169, 0.258169, -0.0176263, -1.19634
170, 0.267262, 0.171375, -1.19322
171, 0.270455, 0.360783, -1.19361
172, 0.272446, 0.549893, -1.19368
173, 0.273384, 0.739325, -1.19353
174, 0.26857, 0.927957, -1.19707
175, 0.417648, -0.03362, -1.18254
176, 0.427212, 0.162476, -1.18117
177, 0.431229, 0.356972, -1.18374
178, 0.433142, 0.549689, -1.18383
179, 0.432956, 0.744208, -1.18161
180, 0.427384, 0.939889, -1.18339
181, -0.439515, 0.0355304, -1.5
182, -0.427333, 0.206125, -1.5
183, -0.421054, 0.377662, -1.5
184, -0.418605, 0.551862, -1.5
185, -0.419742, 0.72342, -1.5
186, -0.426785, 0.893387, -1.5
187, -0.291577, 0.0206597, -1.5
188, -0.281684, 0.197537, -1.5
189, -0.275772, 0.373845, -1.5
190, -0.273276, 0.550895, -1.5
191, -0.274345, 0.727041, -1.5
192, -0.279403, 0.903544, -1.5
193, -0.137459, 0.0083119, -1.5
194, -0.129018, 0.18977, -1.5
195, -0.123496, 0.369999, -1.5
196, -0.121164, 0.550096, -1.5
197, -0.121884, 0.730049, -1.5
198, -0.125454, 0.911229, -1.5
199, 0.01601, -0.00143263, -1.5
200, 0.0246476, 0.181378, -1.5
201, 0.0291738, 0.365421, -1.5
202, 0.0314349, 0.550041, -1.5
203, 0.0314132, 0.734044, -1.5
204, 0.0272514, 0.916376, -1.5
205, 0.169535, -0.0195967, -1.5
206, 0.179591, 0.169843, -1.5
207, 0.183514, 0.360399, -1.5
208, 0.185721, 0.550657, -1.5
209, 0.186242, 0.74117, -1.5
210, 0.180604, 0.930605, -1.5
211, 0.330198, -0.0371474, -1.5
212, 0.341303, 0.159787, -1.5
213, 0.345618, 0.356428, -1.5
214, 0.347689, 0.550532, -1.5
215, 0.347584, 0.747025, -1.5
216, 0.340821, 0.94377, -1.5
*Step  = 6
*Time  = 0.6
*Data  = ux;uy;uz
1, 0, 0, 0
2, 0, 0.222302, 0
3, 0, 0.455373, 0
4, 0, 0.690734, 0
5, 0, 0.932918, 0
6, 0, 1.18037, 0
7, 0.198196, 0, 0
8, 0.196258, 0.223808, 0
9, 0.19774, 0.454152, 0
10, 0.199481, 0.687757, 0
11, 0.200896, 0.92397, 0
12, 0.211117, 1.15946, 0
13, 0.384922, 0, 0
14, 0.383356, 0.226239, 0
15, 0.38425, 0.452098, 0
16, 0.387147, 0.679568, 0
17, 0.39259, 0.906131, 0
18, 0.405746, 1.1306, 0
19, 0.571888, 0, 0
20, 0.570638, 0.225431, 0
21, 0.57084, 0.44903, 0
22, 0.574442, 0.670525, 0
23, 0.582181, 0.892235, 0
24, 0.595409, 1.11491, 0
25, 0.758655, 0, 0
26, 0.757446, 0.224616, 0
27, 0.757609, 0.444789, 0
28, 0.761408, 0.662547, 0
29, 0.77015, 0.878416, 0
30, 0.786637, 1.09485, 0
31, 0.937359, 0, 0
32, 0.934934, 0.225675, 0
33, 0.933576, 0.441995, 0
34, 0.936899, 0.655522, 0
35, 0.946856, 0.864337, 0
36, 0.966526, 1.06947, 0
37, -0.119972, -0.0369839, -0.380399
38, -0.125879, 0.214014, -0.381123
39, -0.123426, 0.45522, -0.380919
40, -0.120607, 0.692259, -0.380483
41, -0.116073, 0.933531, -0.386668
42, -0.102475, 1.17421, -0.382289
43, 0.0801323, -0.0181812, -0.361719
44, 0.0757172, 0.218879, -0.363638
45, 0.0779911, 0.453424, -0.365307
46, 0.0802397, 0.68669, -0.366007
47, 0.0814217, 0.921043, -0.369758
48, 0.0901209, 1.15246, -0.367558
49, 0.2729, 0.000734189, -0.357999
50, 0.269795, 0.225172, -0.358991
51, 0.271294, 0.451744, -0.359007
52, 0.27353, 0.678933, -0.359656
53, 0.276042, 0.905559, -0.361191
54, 0.285564, 1.13124, -0.360306
55, 0.462077, 0.00437378, -0.355619
56, 0.460489, 0.22703, -0.355253
57, 0.461095, 0.449031, -0.354367
58, 0.463729, 0.671628, -0.354832
59, 0.469351, 0.893902, -0.355991
60, 0.479436, 1.11776, -0.358348
61, 0.652491, 0.0107651, -0.355599
62, 0.650248, 0.227236, -0.353777
63, 0.650405, 0.445478, -0.352304
64, 0.653306, 0.664891, -0.352224
65, 0.660605, 0.883732, -0.351345
66, 0.672032, 1.10312, -0.357016
67, 0.831365, 0.0177092, -0.337776
68, 0.829164, 0.227389, -0.335269
69, 0.830369, 0.442303, -0.33474
70, 0.833628, 0.659164, -0.334778
71, 0.841445, 0.873775, -0.330145
72, 0.855005, 1.08952, -0.334859
73, -0.241961, -0.0113226, -0.755687
74, -0.243883, 0.220791, -0.758574
75, -0.241644, 0.45583, -0.753231
76, -0.237982, 0.688693, -0.754514
77, -0.23473, 0.921793, -0.759708
78, -0.227086, 1.15731, -0.7549
79, -0.0518059, -0.00343838, -0.728153
80, -0.0525004, 0.223493, -0.734316
81, -0.048169, 0.453886, -0.733038
82, -0.0452403, 0.684004, -0.734394
83, -0.0427838, 0.913289, -0.736361
84, -0.0345707, 1.14105, -0.729791
85, 0.143115, 0.00105622, -0.717911
86, 0.1434, 0.226617, -0.720308
87, 0.146523, 0.452257, -0.720357
88, 0.149017, 0.678517, -0.721269
89, 0.151182, 0.903768, -0.723285
90, 0.157083, 1.12736, -0.722471
91, 0.339296, 0.00208993, -0.716232
92, 0.340871, 0.226287, -0.714843
93, 0.342654, 0.449365, -0.71463
94, 0.345032, 0.673771, -0.715105
95, 0.348335, 0.896972, -0.716714
96, 0.352916, 1.12051, -0.719898
97, 0.531106, 4.38028e-05, -0.710756
98, 0.532664, 0.223232, -0.705094
99, 0.533383, 0.445693, -0.705885
100, 0.535864, 0.669745, -0.705529
101, 0.540682, 0.893305, -0.705537
102, 0.546033, 1.11599, -0.714075
103, 0.716353, -0.0063437, -0.682845
104, 0.717309, 0.219951, -0.679082
105, 0.718306, 0.44262, -0.683482
106, 0.721602, 0.666154, -0.682442
107, 0.726087, 0.890294, -0.677815
108, 0.732032, 1.1152, -0.683294
109, -0.368396, 0.00953704, -1.11557
110, -0.362672, 0.235685, -1.12079
111, -0.357116, 0.460271, -1.11605
112, -0.353903, 0.684196, -1.11638
113, -0.352615, 0.908997, -1.12196
114, -0.351351, 1.13325, -1.11736
115, -0.182001, 0.0094712, -1.08675
116, -0.176653, 0.232824, -1.09451
117, -0.170701, 0.456632, -1.09391
118, -0.167376, 0.681343, -1.09425
119, -0.167111, 0.904933, -1.09575
120, -0.166244, 1.12754, -1.08845
121, 0.0101487, 0.00609955, -1.08164
122, 0.0155606, 0.229798, -1.08409
123, 0.0207293, 0.453424, -1.08425
124, 0.0237936, 0.67804, -1.08491
125, 0.0250146, 0.901076, -1.08536
126, 0.0264001, 1.12479, -1.08347
127, 0.206342, -0.00106396, -1.07968
128, 0.213458, 0.224241, -1.07752
129, 0.217268, 0.449488, -1.07774
130, 0.219944, 0.675472, -1.07827
131, 0.221903, 0.90042, -1.07914
132, 0.220972, 1.12463, -1.08285
133, 0.401238, -0.0121458, -1.07097
134, 0.408378, 0.215258, -1.06403
135, 0.41096, 0.444434, -1.06491
136, 0.413348, 0.674047, -1.06509
137, 0.416005, 0.903298, -1.06473
138, 0.414411, 1.13072, -1.07304
139, 0.591692, -0.0259255, -1.04315
140, 0.599437, 0.206365, -1.03906
141, 0.603228, 0.440177, -1.04422
142, 0.605642, 0.672684, -1.04431
143, 0.607091, 0.906515, -1.03923
144, 0.605058, 1.13966, -1.04415
145, -0.489327, 0.034371, -1.46525
146, -0.477104, 0.249899, -1.46899
147, -0.469498, 0.464912, -1.46496
148, -0.465967, 0.680613, -1.46527
149, -0.466937, 0.894934, -1.46934
150, -0.472595, 1.11088, -1.46564
151, -0.307031, 0.0219575, -1.44334
152, -0.296146, 0.241198, -1.44854
153, -0.288294, 0.459995, -1.44794
154, -0.285043, 0.678857, -1.44824
155, -0.286155, 0.897332, -1.44915
156, -0.290184, 1.11606, -1.4443
157, -0.115143, 0.00933791, -1.44272
158, -0.10518, 0.232929, -1.44446
159, -0.0982565, 0.455017, -1.44507
160, -0.0950543, 0.677336, -1.44526
161, -0.0956755, 0.899201, -1.44513
162, -0.0993585, 1.12191, -1.44398
163, 0.0755627, -0.00232734, -1.44122
164, 0.0872785, 0.223078, -1.43978
165, 0.0927265, 0.449407, -1.43986
166, 0.0957454, 0.676598, -1.44008
167, 0.0964946, 0.902683, -1.44034
168, 0.0910082, 1.12778, -1.44234
169, 0.268451, -0.0250027, -1.43644
170, 0.281973, 0.208633, -1.43158
171, 0.286543, 0.442966, -1.43219
172, 0.289302, 0.676922, -1.43224
173, 0.290437, 0.91134, -1.43195
174, 0.282762, 1.14447, -1.43745
175, 0.46588, -0.0492085, -1.41513
176, 0.480116, 0.195361, -1.41315
177, 0.485846, 0.437506, -1.41704
178, 0.488518, 0.676831, -1.41709
179, 0.488085, 0.919113, -1.41362
180, 0.47929, 1.1632, -1.41619
181, -0.600828, 0.052522, -1.8
182, -0.582447, 0.258786, -1.8
183, -0.573623, 0.466841, -1.8
184, -0.570214, 0.679162, -1.8
185, -0.571874, 0.887246, -1.8
186, -0.583112, 1.09259, -1.8
187, -0.420332, 0.0297591, -1.8
188, -0.405489, 0.245993, -1.8
189, -0.397065, 0.461451, -1.8
190, -0.393586, 0.677936, -1.8
191, -0.395273, 0.893149, -1.8
192, -0.403392, 1.10884, -1.8
193, -0.23, 0.0116624, -1.8
194, -0.217659, 0.234806, -1.8
195, -0.209519, 0.456036, -1.8
196, -0.206274, 0.676949, -1.8
197, -0.207738, 0.897759, -1.8
198, -0.213308, 1.12046, -1.8
199, -0.0409685, -0.00109465, -1.8
200, -0.0284916, 0.223259, -1.8
201, -0.0217211, 0.44962, -1.8
202, -0.0185905, 0.676973, -1.8
203, -0.0191209, 0.903264, -1.8
204, -0.0254239, 1.1269, -1.8
205, 0.146839, -0.0276887, -1.8
206, 0.161681, 0.206405, -1.8
207, 0.167396, 0.442415, -1.8
208, 0.170448, 0.678082, -1.8
209, 0.170881, 0.914066, -1.8
210, 0.162114, 1.14819, -1.8
211, 0.345566, -0.0542593, -1.8
212, 0.362172, 0.191383, -1.8
213, 0.368442, 0.436723, -1.8
214, 0.371325, 0.678101, -1.8
215, 0.37089, 0.923318, -1.8
216, 0.360241, 1.16877, -1.8
*Step  = 7
*Time  = 0.7
*Data  = ux;uy;uz
1, 0, 0, 0
2, 0, 0.265521, 0
3, 0, 0.546074, 0
4, 0, 0.82923, 0
5, 0, 1.12213, 0
6, 0, 1.42234, 0
7, 0.23825, 0, 0
8, 0.235693, 0.267692, 0
9, 0.237672, 0.54444, 0
10, 0.239982, 0.825421, 0
11, 0.241726, 1.10998, 0
12, 0.255439, 1.39307, 0
13, 0.460388, 0, 0
14, 0.45805, 0.271202, 0
15, 0.458821, 0.541706, 0
16, 0.462636, 0.814423, 0
17, 0.470348, 1.0857, 0
18, 0.488183, 1.35366, 0
19, 0.68453, 0, 0
20, 0.682432, 0.269785, 0
21, 0.682283, 0.537506, 0
22, 0.68698, 0.802261, 0
23, 0.697642, 1.0675, 0
24, 0.715872, 1.33416, 0
25, 0.908312, 0, 0
26, 0.906223, 0.268824, 0
27, 0.906123, 0.531809, 0
28, 0.911019, 0.791504, 0
29, 0.922698, 1.04853, 0
30, 0.945988, 1.30626, 0
31, 1.12003, 0, 0
32, 1.11628, 0.270912, 0
33, 1.11395, 0.528363, 0
34, 1.11815, 0.782098, 0
35, 1.13132, 1.02883, 0
36, 1.15921, 1.26983, 0
37, -0.156252, -0.0517994, -0.447375
38, -0.165093, 0.253497, -0.448954
39, -0.161936, 0.54537, -0.448371
40, -0.158293, 0.831144, -0.447531
41, -0.152415, 1.12301, -0.455801
42, -0.133512, 1.41415, -0.449127
43, 0.0846077, -0.0245567, -0.419969
44, 0.0779513, 0.260796, -0.422972
45, 0.0808648, 0.543146, -0.424923
46, 0.0838219, 0.8238, -0.425761
47, 0.0852789, 1.10575, -0.430955
48, 0.0972065, 1.38327, -0.427632
49, 0.315215, 0.00175467, -0.417263
50, 0.310762, 0.269668, -0.418718
51, 0.312547, 0.541055, -0.418694
52, 0.315485, 0.813444, -0.419479
53, 0.318974, 1.08482, -0.42132
54, 0.331783, 1.35459, -0.419875
55, 0.541567, 0.00497241, -0.414405
56, 0.539159, 0.271936, -0.413874
57, 0.539672, 0.537524, -0.412771
58, 0.543151, 0.803784, -0.413327
59, 0.550948, 1.06977, -0.414894
60, 0.564605, 1.33807, -0.418079
61, 0.770826, 0.014626, -0.415292
62, 0.76707, 0.272734, -0.412728
63, 0.767104, 0.532955, -0.410826
64, 0.770894, 0.794786, -0.410684
65, 0.780768, 1.0559, -0.409401
66, 0.796697, 1.31781, -0.41724
67, 0.983347, 0.0263569, -0.390102
68, 0.979594, 0.273641, -0.386678
69, 0.981201, 0.528846, -0.38629
70, 0.985434, 0.787174, -0.386372
71, 0.99585, 1.04204, -0.379643
72, 1.01494, 1.29802, -0.385806
73, -0.316593, -0.0155401, -0.887828
74, -0.319317, 0.263257, -0.891854
75, -0.316454, 0.546174, -0.884346
76, -0.311679, 0.826145, -0.885766
77, -0.307375, 1.10662, -0.893231
78, -0.297002, 1.39033, -0.886324
79, -0.0891559, -0.00446614, -0.847717
80, -0.0903723, 0.26726, -0.85662
81, -0.0846456, 0.543703, -0.854867
82, -0.0808018, 0.820009, -0.856558
83, -0.077532, 1.09504, -0.859348
84, -0.0662468, 1.36801, -0.849837
85, 0.145686, 0.00105505, -0.836643
86, 0.145833, 0.271412, -0.840059
87, 0.149862, 0.541671, -0.840271
88, 0.153167, 0.812818, -0.841378
89, 0.156075, 1.08258, -0.843883
90, 0.163966, 1.35025, -0.842592
91, 0.381898, 0.00219203, -0.83562
92, 0.383698, 0.270921, -0.833614
93, 0.38595, 0.537993, -0.83312
94, 0.389127, 0.806688, -0.833745
95, 0.393612, 1.07383, -0.835913
96, 0.399796, 1.34172, -0.840227
97, 0.612723, 0.000474601, -0.830212
98, 0.614267, 0.26743, -0.822163
99, 0.615082, 0.533345, -0.82319
100, 0.618376, 0.801418, -0.822716
101, 0.624887, 1.06871, -0.822557
102, 0.632352, 1.33487, -0.834615
103, 0.833786, -0.00735296, -0.790214
104, 0.834464, 0.263421, -0.785403
105, 0.835706, 0.529414, -0.791826
106, 0.840083, 0.796678, -0.790398
107, 0.845988, 1.06464, -0.783407
108, 0.854278, 1.3333, -0.790539
109, -0.482075, 0.0132314, -1.30775
110, -0.474134, 0.283692, -1.31458
111, -0.466768, 0.552358, -1.30764
112, -0.462539, 0.820165, -1.30806
113, -0.460945, 1.08914, -1.31606
114, -0.459706, 1.35697, -1.30994
115, -0.259548, 0.0126904, -1.26648
116, -0.252156, 0.279813, -1.27735
117, -0.24417, 0.547526, -1.27648
118, -0.23979, 0.816532, -1.27694
119, -0.239622, 1.08395, -1.27901
120, -0.238895, 1.35001, -1.26864
121, -0.0283199, 0.00745117, -1.2617
122, -0.0210586, 0.27551, -1.26508
123, -0.0140928, 0.543292, -1.26536
124, -0.0100715, 0.812278, -1.26621
125, -0.00863941, 1.07926, -1.26673
126, -0.00698415, 1.34734, -1.26408
127, 0.207967, -0.00163808, -1.26028
128, 0.217452, 0.268435, -1.25716
129, 0.222588, 0.538183, -1.25721
130, 0.226131, 0.808948, -1.25789
131, 0.228576, 1.0783, -1.25925
132, 0.227136, 1.34686, -1.26446
133, 0.442763, -0.0156601, -1.25121
134, 0.452285, 0.256741, -1.2413
135, 0.455712, 0.531569, -1.24248
136, 0.458887, 0.807165, -1.24262
137, 0.462372, 1.08211, -1.24199
138, 0.46003, 1.35455, -1.25383
139, 0.670509, -0.0343209, -1.21067
140, 0.680908, 0.244618, -1.20527
141, 0.686027, 0.525951, -1.21268
142, 0.68924, 0.805433, -1.21267
143, 0.69102, 1.08688, -1.20519
144, 0.688059, 1.36709, -1.21174
145, -0.640039, 0.0474064, -1.71431
146, -0.622822, 0.303152, -1.71911
147, -0.612691, 0.55866, -1.71326
148, -0.608041, 0.815431, -1.71368
149, -0.60948, 1.06996, -1.71954
150, -0.618095, 1.32638, -1.71474
151, -0.422681, 0.02926, -1.68309
152, -0.407538, 0.291027, -1.69036
153, -0.396914, 0.552106, -1.68951
154, -0.392642, 0.813274, -1.68993
155, -0.39441, 1.07389, -1.69117
156, -0.400547, 1.335, -1.6843
157, -0.19148, 0.0118462, -1.68333
158, -0.178053, 0.279738, -1.68569
159, -0.168492, 0.545486, -1.68647
160, -0.16429, 0.811424, -1.68673
161, -0.165587, 1.07684, -1.68656
162, -0.170801, 1.34353, -1.68496
163, 0.0368945, -0.0022044, -1.68193
164, 0.0528034, 0.267217, -1.67994
165, 0.0603608, 0.538166, -1.67987
166, 0.0643213, 0.810468, -1.68017
167, 0.064894, 1.08108, -1.68069
168, 0.0570964, 1.35005, -1.68343
169, 0.26782, -0.0329283, -1.67795
170, 0.286632, 0.247764, -1.67085
171, 0.292825, 0.529593, -1.67171
172, 0.296459, 0.811029, -1.67173
173, 0.297745, 1.09304, -1.67126
174, 0.286506, 1.37307, -1.67929
175, 0.505225, -0.0669874, -1.64678
176, 0.525045, 0.229271, -1.64397
177, 0.532784, 0.522253, -1.6494
178, 0.536345, 0.811066, -1.64936
179, 0.535569, 1.10438, -1.64439
180, 0.522785, 1.40014, -1.64799
181, -0.784403, 0.0729502, -2.1
182, -0.758297, 0.315653, -2.1
183, -0.7466, 0.561379, -2.1
184, -0.742122, 0.813479, -2.1
185, -0.744403, 1.05926, -2.1
186, -0.76114, 1.30073, -2.1
187, -0.570239, 0.040222, -2.1
188, -0.549248, 0.297684, -2.1
189, -0.537988, 0.55419, -2.1
190, -0.533403, 0.812034, -2.1
191, -0.535811, 1.06821, -2.1
192, -0.547968, 1.32496, -2.1
193, -0.341289, 0.0150204, -2.1
194, -0.324324, 0.282424, -2.1
195, -0.313115, 0.546987, -2.1
196, -0.30884, 0.810887, -2.1
197, -0.311265, 1.07486, -2.1
198, -0.319315, 1.34166, -2.1
199, -0.114368, -0.000265327, -2.1
200, -0.0975308, 0.267624, -2.1
201, -0.088024, 0.538527, -2.1
202, -0.0839154, 0.811001, -2.1
203, -0.0852278, 1.08179, -2.1
204, -0.093981, 1.34867, -2.1
205, 0.108658, -0.0363395, -2.1
206, 0.1291, 0.244728, -2.1
207, 0.136919, 0.528862, -2.1
208, 0.140915, 0.812678, -2.1
209, 0.141154, 1.09682, -2.1
210, 0.128621, 1.37795, -2.1
211, 0.347229, -0.0737827, -2.1
212, 0.370466, 0.223749, -2.1
213, 0.37908, 0.521219, -2.1
214, 0.38289, 0.812859, -2.1
215, 0.381937, 1.11029, -2.1
216, 0.366439, 1.40767, -2.1
*Step  = 8
*Time  = 0.75
*Data  = ux;uy;uz
1, 0, 0, 0
2, 0, 0.287993, 0
3, 0, 0.593454, 0
4, 0, 0.901566, 0
5, 0, 1.22107, 0
6, 0, 1.54891, 0
7, 0.25898, 0, 0
8, 0.256152, 0.290532, 0
9, 0.258417, 0.59158, 0
10, 0.261039, 0.897358, 0
11, 0.262914, 1.2072, 0
12, 0.278473, 1.51501, 0
13, 0.499276, 0, 0
14, 0.496478, 0.294647, 0
15, 0.497123, 0.588452, 0
16, 0.501429, 0.884834, 0
17, 0.510455, 1.17944, 0
18, 0.53084, 1.46996, 0
19, 0.742946, 0, 0
20, 0.740304, 0.292858, 0
21, 0.739919, 0.583626, 0
22, 0.745198, 0.870946, 0
23, 0.757478, 1.15895, 0
24, 0.778547, 1.44868, 0
25, 0.986024, 0, 0
26, 0.983361, 0.291868, 0
27, 0.983067, 0.577136, 0
28, 0.988533, 0.858647, 0
29, 1.0018, 1.13703, 0
30, 1.02906, 1.41618, 0
31, 1.21457, 0, 0
32, 1.21001, 0.294635, 0
33, 1.20705, 0.573383, 0
34, 1.21171, 0.847929, 0
35, 1.22661, 1.11411, 0
36, 1.25928, 1.37326, 0
37, -0.175999, -0.059851, -0.481247
38, -0.186524, 0.273956, -0.483466
39, -0.18301, 0.592417, -0.482665
40, -0.17893, 0.90366, -0.481562
41, -0.172324, 1.22208, -0.490852
42, -0.150443, 1.53968, -0.48274
43, 0.0860213, -0.0278924, -0.448442
44, 0.078054, 0.282617, -0.452129
45, 0.0812922, 0.589955, -0.454186
46, 0.0846378, 0.895399, -0.45509
47, 0.0862644, 1.2022, -0.461087
48, 0.0999922, 1.50366, -0.457079
49, 0.33613, 0.00237234, -0.446986
50, 0.330955, 0.292845, -0.448703
51, 0.332874, 0.587621, -0.448696
52, 0.336199, 0.883645, -0.449538
53, 0.34027, 1.17835, -0.451474
54, 0.354855, 1.471, -0.449687
55, 0.581807, 0.00501807, -0.443788
56, 0.57891, 0.295275, -0.443132
57, 0.579342, 0.583647, -0.441925
58, 0.583289, 0.872694, -0.442515
59, 0.592318, 1.16154, -0.444327
60, 0.607955, 1.45313, -0.447986
61, 0.83155, 0.0167239, -0.445344
62, 0.826812, 0.29651, -0.442341
63, 0.826771, 0.57855, -0.440217
64, 0.831043, 0.862448, -0.440037
65, 0.842328, 1.14555, -0.438534
66, 0.860864, 1.4296, -0.447592
67, 1.0614, 0.0315871, -0.415849
68, 1.05663, 0.297967, -0.411921
69, 1.05847, 0.573949, -0.411669
70, 1.06323, 0.853801, -0.41178
71, 1.07505, 1.12943, -0.403844
72, 1.09738, 1.40604, -0.410762
73, -0.357484, -0.0175821, -0.954537
74, -0.36056, 0.285421, -0.95929
75, -0.357391, 0.593336, -0.95061
76, -0.352014, 0.897884, -0.952033
77, -0.347105, 1.20311, -0.960715
78, -0.335276, 1.51193, -0.952497
79, -0.110816, -0.00495256, -0.906701
80, -0.112289, 0.290109, -0.917225
81, -0.10583, 0.590562, -0.915232
82, -0.101477, 0.89099, -0.917086
83, -0.0977096, 1.18988, -0.920333
84, -0.0847156, 1.48642, -0.909089
85, 0.145032, 0.000962404, -0.895993
86, 0.145125, 0.294734, -0.899995
87, 0.149637, 0.588292, -0.900367
88, 0.153396, 0.882886, -0.90156
89, 0.156738, 1.17589, -0.904251
90, 0.165709, 1.46659, -0.902649
91, 0.402057, 0.00210398, -0.895367
92, 0.403946, 0.294121, -0.892967
93, 0.406448, 0.584197, -0.892268
94, 0.410075, 0.876007, -0.892973
95, 0.415247, 1.16611, -0.895462
96, 0.42235, 1.45722, -0.900413
97, 0.653445, 0.000699367, -0.890443
98, 0.654868, 0.290506, -0.881015
99, 0.655746, 0.579047, -0.882161
100, 0.659497, 0.870053, -0.881628
101, 0.666943, 1.16011, -0.881369
102, 0.67567, 1.44892, -0.895456
103, 0.893052, -0.00761136, -0.843269
104, 0.893414, 0.2862, -0.837907
105, 0.894802, 0.574668, -0.8455
106, 0.899778, 0.864671, -0.843859
107, 0.906445, 1.15539, -0.835485
108, 0.916148, 1.44663, -0.843517
109, -0.544353, 0.0155601, -1.40445
110, -0.535059, 0.308931, -1.4122
111, -0.526717, 0.600491, -1.404
112, -0.521931, 0.891122, -1.40444
113, -0.520148, 1.18306, -1.41379
114, -0.51904, 1.47341, -1.40677
115, -0.303145, 0.0144546, -1.35578
116, -0.294539, 0.304409, -1.36843
117, -0.28545, 0.594991, -1.36743
118, -0.280484, 0.887087, -1.36796
119, -0.280344, 1.17733, -1.37031
120, -0.279771, 1.46604, -1.35815
121, -0.0513307, 0.00804108, -1.35168
122, -0.0430339, 0.299305, -1.35561
123, -0.0350672, 0.590175, -1.35601
124, -0.0305182, 0.882325, -1.35696
125, -0.0289737, 1.17227, -1.35745
126, -0.027185, 1.46357, -1.35434
127, 0.205819, -0.00204955, -1.35058
128, 0.216565, 0.291442, -1.34692
129, 0.222441, 0.584427, -1.3468
130, 0.226474, 0.878576, -1.34756
131, 0.229184, 1.17111, -1.34924
132, 0.227506, 1.46287, -1.35529
133, 0.461595, -0.0174984, -1.34211
134, 0.472376, 0.278357, -1.33045
135, 0.476299, 0.576981, -1.33179
136, 0.479924, 0.87658, -1.3319
137, 0.483858, 1.17534, -1.33113
138, 0.481159, 1.47125, -1.34501
139, 0.70858, -0.0386458, -1.2938
140, 0.720371, 0.264482, -1.28765
141, 0.726255, 0.570628, -1.29632
142, 0.729921, 0.874619, -1.29625
143, 0.731867, 1.18094, -1.2874
144, 0.728468, 1.48558, -1.2949
145, -0.722557, 0.0549329, -1.83937
146, -0.702387, 0.331302, -1.84471
147, -0.690873, 0.607712, -1.83781
148, -0.685604, 0.885773, -1.83829
149, -0.687301, 1.16105, -1.84516
150, -0.697744, 1.43827, -1.83979
151, -0.487036, 0.0332396, -1.80268
152, -0.469412, 0.317172, -1.81115
153, -0.457259, 0.600242, -1.81018
154, -0.45242, 0.883421, -1.81065
155, -0.454545, 1.16596, -1.81205
156, -0.46197, 1.44916, -1.80401
157, -0.235086, 0.0130231, -1.8036
158, -0.219748, 0.304122, -1.80632
159, -0.2087, 0.592702, -1.80723
160, -0.203945, 0.881409, -1.80751
161, -0.205639, 1.1696, -1.80729
162, -0.211689, 1.45932, -1.80542
163, 0.0128621, -0.00204418, -1.80219
164, 0.031042, 0.290242, -1.79992
165, 0.0398101, 0.584456, -1.79973
166, 0.044294, 0.880321, -1.80008
167, 0.0447273, 1.17414, -1.80078
168, 0.0356946, 1.46589, -1.8039
169, 0.263435, -0.0370675, -1.79938
170, 0.285214, 0.268123, -1.79096
171, 0.292339, 0.574735, -1.79197
172, 0.296462, 0.880982, -1.79196
173, 0.297807, 1.18783, -1.79138
174, 0.284542, 1.49228, -1.80092
175, 0.521596, -0.0765986, -1.76224
176, 0.544539, 0.24671, -1.75888
177, 0.553421, 0.566369, -1.76514
178, 0.557487, 0.88106, -1.76504
179, 0.556502, 1.20119, -1.75925
180, 0.541473, 1.524, -1.76349
181, -0.884651, 0.0846596, -2.25
182, -0.854014, 0.345865, -2.25
183, -0.840731, 0.610884, -2.25
184, -0.835669, 0.883548, -2.25
185, -0.838299, 1.14865, -2.25
186, -0.858345, 1.40846, -2.25
187, -0.653284, 0.0460502, -2.25
188, -0.628672, 0.324882, -2.25
189, -0.615851, 0.602689, -2.25
190, -0.610654, 0.88201, -2.25
191, -0.613455, 1.15944, -2.25
192, -0.628066, 1.43748, -2.25
193, -0.404069, 0.0166402, -2.25
194, -0.384463, 0.307271, -2.25
195, -0.371537, 0.594487, -2.25
196, -0.36669, 0.880791, -2.25
197, -0.36966, 1.16733, -2.25
198, -0.37916, 1.45727, -2.25
199, -0.157197, 0.000293847, -2.25
200, -0.137971, 0.290798, -2.25
201, -0.126888, 0.584909, -2.25
202, -0.122235, 0.880951, -2.25
203, -0.124035, 1.17491, -2.25
204, -0.134112, 1.46424, -2.25
205, 0.0837877, -0.0408217, -2.25
206, 0.107326, 0.264645, -2.25
207, 0.116328, 0.573914, -2.25
208, 0.120845, 0.882913, -2.25
209, 0.120957, 1.19221, -2.25
210, 0.106335, 1.49776, -2.25
211, 0.342929, -0.0843507, -2.25
212, 0.369909, 0.240319, -2.25
213, 0.37987, 0.565214, -2.25
214, 0.384199, 0.883154, -2.25
215, 0.38291, 1.20807, -2.25
216, 0.364644, 1.53262, -2.25
*Step  = 9
*Time  = 0.81
*Data  = ux;uy;uz
1, 0, 0, 0
2, 0, 0.315774, 0
3, 0, 0.652232, 0
4, 0, 0.991274, 0
5, 0, 1.34385, 0
6, 0, 1.70596, 0
7, 0.284459, 0, 0
8, 0.281364, 0.318769, 0
9, 0.284019, 0.65003, 0
10, 0.287038, 0.986627, 0
11, 0.289027, 1.32786, 0
12, 0.306868, 1.66615, 0
13, 0.546956, 0, 0
14, 0.543522, 0.323661, 0
15, 0.543963, 0.646364, 0
16, 0.548892, 0.972163, 0
17, 0.559672, 1.2957, 0
18, 0.583313, 1.6141, 0
19, 0.81496, 0, 0
20, 0.811532, 0.32138, 0
21, 0.810814, 0.640739, 0
22, 0.816829, 0.95603, 0
23, 0.831205, 1.27232, 0
24, 0.85604, 1.59077, 0
25, 1.0819, 0, 0
26, 1.07841, 0.320409, 0
27, 1.07782, 0.633239, 0
28, 1.08399, 0.941724, 0
29, 1.0993, 1.24646, 0
30, 1.13191, 1.55199, 0
31, 1.33088, 0, 0
32, 1.32519, 0.324153, 0
33, 1.32134, 0.629134, 0
34, 1.32656, 0.929305, 0
35, 1.34368, 1.21925, 0
36, 1.38275, 1.50034, 0
37, -0.201184, -0.0699175, -0.522296
38, -0.213869, 0.299263, -0.525507
39, -0.209931, 0.650761, -0.52444
40, -0.2053, 0.99357, -0.522962
41, -0.197753, 1.34501, -0.533408
42, -0.172039, 1.69545, -0.523273
43, 0.0869453, -0.0320112, -0.481913
44, 0.0772479, 0.309634, -0.48655
45, 0.0808704, 0.647975, -0.488701
46, 0.0847212, 0.984201, -0.489687
47, 0.0866091, 1.32182, -0.496726
48, 0.102664, 1.65282, -0.491785
49, 0.360981, 0.00313172, -0.482803
50, 0.354918, 0.321488, -0.484853
51, 0.356997, 0.645292, -0.484928
52, 0.360825, 0.970686, -0.485828
53, 0.365701, 1.29433, -0.487812
54, 0.382533, 1.61524, -0.485564
55, 0.630554, 0.00477061, -0.479013
56, 0.626979, 0.324087, -0.478147
57, 0.62728, 0.640752, -0.476819
58, 0.631841, 0.958058, -0.477434
59, 0.642498, 1.2753, -0.479594
60, 0.660717, 1.59587, -0.483896
61, 0.905905, 0.0193868, -0.481608
62, 0.899744, 0.325999, -0.478027
63, 0.899611, 0.635004, -0.475639
64, 0.904506, 0.94619, -0.475407
65, 0.917601, 1.25648, -0.473617
66, 0.939649, 1.56795, -0.484248
67, 1.15697, 0.0388192, -0.446297
68, 1.15071, 0.3283, -0.44172
69, 1.15288, 0.629785, -0.441692
70, 1.1583, 0.936204, -0.441843
71, 1.17193, 1.23732, -0.432312
72, 1.19864, 1.53911, -0.440164
73, -0.409861, -0.0198027, -1.03528
74, -0.413224, 0.312964, -1.04108
75, -0.4097, 0.651841, -1.03094
76, -0.403549, 0.986827, -1.0323
77, -0.397821, 1.32274, -1.04247
78, -0.384222, 1.66254, -1.03239
79, -0.139601, -0.00553714, -0.976633
80, -0.141322, 0.318441, -0.989326
81, -0.133965, 0.648653, -0.987046
82, -0.128942, 0.978997, -0.989091
83, -0.124461, 1.30745, -0.992935
84, -0.109283, 1.6332, -0.979386
85, 0.142505, 0.000715512, -0.967256
86, 0.142575, 0.323555, -0.972029
87, 0.147705, 0.646039, -0.972683
88, 0.152063, 0.969739, -0.973977
89, 0.155993, 1.29159, -0.976821
90, 0.166335, 1.61086, -0.974773
91, 0.42519, 0.00183281, -0.967095
92, 0.42716, 0.322758, -0.964116
93, 0.429979, 0.641409, -0.963105
94, 0.434205, 0.961892, -0.963909
95, 0.440309, 1.28051, -0.96683
96, 0.448652, 1.60046, -0.972633
97, 0.702327, 0.000921786, -0.963216
98, 0.703468, 0.319095, -0.95198
99, 0.704457, 0.635648, -0.953283
100, 0.708812, 0.955042, -0.952681
101, 0.717461, 1.27327, -0.952284
102, 0.727943, 1.59015, -0.969035
103, 0.964756, -0.00758818, -0.906266
104, 0.964506, 0.314539, -0.900208
105, 0.966103, 0.63071, -0.909346
106, 0.971863, 0.948811, -0.907429
107, 0.979491, 1.2676, -0.897216
108, 0.991195, 1.58652, -0.906415
109, -0.624087, 0.0189764, -1.52114
110, -0.612849, 0.340455, -1.53011
111, -0.603272, 0.660257, -1.5203
112, -0.597765, 0.979094, -1.52072
113, -0.595702, 1.29938, -1.53179
114, -0.594925, 1.61735, -1.52352
115, -0.359925, 0.0166983, -1.46236
116, -0.349633, 0.334971, -1.47735
117, -0.339146, 0.653874, -1.47619
118, -0.33341, 0.974566, -1.4768
119, -0.333252, 1.29307, -1.47952
120, -0.332966, 1.60986, -1.46499
121, -0.0823349, 0.00863595, -1.45962
122, -0.0726722, 0.328718, -1.46432
123, -0.0633968, 0.648276, -1.46493
124, -0.0581592, 0.969166, -1.466
125, -0.0564632, 1.28765, -1.4664
126, -0.0545139, 1.60776, -1.46264
127, 0.200556, -0.00271424, -1.45889
128, 0.212873, 0.319869, -1.45449
129, 0.219718, 0.641699, -1.4541
130, 0.224398, 0.964867, -1.45495
131, 0.227463, 1.28618, -1.4571
132, 0.225547, 1.60674, -1.46422
133, 0.482536, -0.0198317, -1.45199
134, 0.494857, 0.305098, -1.43802
135, 0.499469, 0.633206, -1.43956
136, 0.503697, 0.962563, -1.43964
137, 0.508198, 1.29083, -1.43866
138, 0.505147, 1.61584, -1.45527
139, 0.753133, -0.0438415, -1.3929
140, 0.766589, 0.289036, -1.38573
141, 0.773505, 0.625919, -1.39603
142, 0.777778, 0.960266, -1.39585
143, 0.779918, 1.29741, -1.38524
144, 0.776103, 1.63213, -1.39401
145, -0.82812, 0.0650731, -1.99001
146, -0.8039, 0.366592, -1.99601
147, -0.790602, 0.668669, -1.98774
148, -0.784527, 0.972971, -1.98826
149, -0.786549, 1.27373, -1.99646
150, -0.799562, 1.57637, -1.99038
151, -0.570252, 0.0383417, -1.94591
152, -0.54927, 0.349734, -1.95595
153, -0.535145, 0.659992, -1.95483
154, -0.529562, 0.970391, -1.95538
155, -0.532122, 1.28002, -1.95697
156, -0.541336, 1.59061, -1.94737
157, -0.292332, 0.014322, -1.94791
158, -0.274504, 0.334288, -1.95114
159, -0.261507, 0.651237, -1.95222
160, -0.256027, 0.968185, -1.95254
161, -0.258241, 1.28466, -1.95224
162, -0.265362, 1.60303, -1.94995
163, -0.0201842, -0.00182523, -1.94634
164, 0.000859459, 0.318727, -1.94375
165, 0.0112367, 0.641794, -1.94334
166, 0.016408, 0.966916, -1.94376
167, 0.0166364, 1.2895, -1.94475
168, 0.00609462, 1.60942, -1.9483
169, 0.254543, -0.0422042, -1.94581
170, 0.280159, 0.293297, -1.93562
171, 0.288534, 0.630627, -1.93682
172, 0.293304, 0.967654, -1.93679
173, 0.2947, 1.3053, -1.93607
174, 0.278824, 1.63994, -1.94762
175, 0.538312, -0.0886739, -1.90041
176, 0.565262, 0.268131, -1.89627
177, 0.575664, 0.620956, -1.90355
178, 0.580406, 0.967737, -1.90337
179, 0.579133, 1.32123, -1.89653
180, 0.561244, 1.67756, -1.90171
181, -1.01259, 0.100267, -2.43
182, -0.975822, 0.383873, -2.43
183, -0.960482, 0.672438, -2.43
184, -0.954661, 0.9704, -2.43
185, -0.957745, 1.2591, -2.43
186, -0.982323, 1.54113, -2.43
187, -0.760307, 0.0536734, -2.43
188, -0.730771, 0.358837, -2.43
189, -0.715926, 0.662924, -2.43
190, -0.709928, 0.968767, -2.43
191, -0.713227, 1.27242, -2.43
192, -0.731232, 1.57671, -2.43
193, -0.485891, 0.0184937, -2.43
194, -0.462757, 0.338055, -2.43
195, -0.447591, 0.653406, -2.43
196, -0.441992, 0.967469, -2.43
197, -0.445667, 1.28202, -2.43
198, -0.457127, 1.60079, -2.43
199, -0.214084, 0.00103285, -2.43
200, -0.191783, 0.319501, -2.43
201, -0.178604, 0.642372, -2.43
202, -0.173234, 0.967684, -2.43
203, -0.175698, 1.29035, -2.43
204, -0.187447, 1.60743, -2.43
205, 0.0487819, -0.0463284, -2.43
206, 0.0762903, 0.289265, -2.43
207, 0.0868469, 0.629702, -2.43
208, 0.0920443, 0.969958, -2.43
209, 0.0919849, 1.31044, -2.43
210, 0.0747037, 1.64613, -2.43
211, 0.333183, -0.0976542, -2.43
212, 0.365017, 0.260613, -2.43
213, 0.376779, 0.619667, -2.43
214, 0.381792, 0.970228, -2.43
215, 0.380026, 1.32941, -2.43
216, 0.358171, 1.68758, -2.43
*Step  = 10
*Time  = 0.878
*Data  = ux;uy;uz
1, 0, 0, 0
2, 0, 0.348411, 0
3, 0, 0.721534, 0
4, 0, 1.09699, 0
5, 0, 1.48858, 0
6, 0, 1.89099, 0
7, 0.314125, 0, 0
8, 0.310825, 0.351903, 0
9, 0.313996, 0.718888, 0
10, 0.317499, 1.09193, 0
11, 0.319544, 1.47019, 0
12, 0.340029, 1.84415, 0
13, 0.602353, 0, 0
14, 0.598063, 0.357728, 0
15, 0.598206, 0.714507, 0
16, 0.603895, 1.07512, 0
17, 0.61692, 1.43279, 0
18, 0.644535, 1.78393, 0
19, 0.899209, 0, 0
20, 0.89467, 0.354854, 0
21, 0.893505, 0.70792, 0
22, 0.900415, 1.05618, 0
23, 0.917395, 1.40589, 0
24, 0.947066, 1.75837, 0
25, 1.19415, 0, 0
26, 1.1895, 0.35399, 0
27, 1.18849, 0.699197, 0
28, 1.1955, 1.03936, 0
29, 1.21331, 1.37496, 0
30, 1.25287, 1.71131, 0
31, 1.46651, 0, 0
32, 1.4593, 0.359088, 0
33, 1.45425, 0.69472, 0
34, 1.46014, 1.02482, 0
35, 1.47994, 1.34223, 0
36, 1.52728, 1.64831, 0
37, -0.23182, -0.0816034, -0.569428
38, -0.247035, 0.329102, -0.574088
39, -0.242646, 0.719554, -0.572734
40, -0.237343, 1.09949, -0.570749
41, -0.228609, 1.48992, -0.582361
42, -0.198277, 1.87896, -0.569513
43, 0.086891, -0.0368414, -0.518818
44, 0.0750559, 0.341422, -0.524691
45, 0.0790885, 0.716321, -0.526912
46, 0.0835772, 1.08887, -0.527993
47, 0.0858859, 1.46282, -0.536319
48, 0.104791, 1.82846, -0.53019
49, 0.38878, 0.00388802, -0.523665
50, 0.381711, 0.355041, -0.526111
51, 0.383973, 0.713131, -0.526389
52, 0.388439, 1.07327, -0.527341
53, 0.394392, 1.43107, -0.529282
54, 0.413921, 1.78513, -0.52645
55, 0.686453, 0.0039821, -0.518865
56, 0.68194, 0.357811, -0.517651
57, 0.682049, 0.707905, -0.516183
58, 0.68739, 1.05853, -0.516804
59, 0.700113, 1.40934, -0.519441
60, 0.721595, 1.76422, -0.524596
61, 0.992303, 0.0225846, -0.522987
62, 0.984137, 0.360736, -0.518714
63, 0.983911, 0.701393, -0.516052
64, 0.989584, 1.04464, -0.515753
65, 1.0049, 1.38686, -0.513589
66, 1.03153, 1.73058, -0.526117
67, 1.26792, 0.0485369, -0.480083
68, 1.25952, 0.3643, -0.474703
69, 1.26213, 0.695435, -0.474994
70, 1.26837, 1.03297, -0.475192
71, 1.28419, 1.36373, -0.463663
72, 1.3167, 1.69449, -0.472615
73, -0.473809, -0.0217633, -1.12786
74, -0.47716, 0.345588, -1.13514
75, -0.473263, 0.720851, -1.12328
76, -0.466158, 1.09162, -1.12447
77, -0.459352, 1.46363, -1.13632
78, -0.443838, 1.8396, -1.1237
79, -0.17613, -0.00625761, -1.05466
80, -0.177955, 0.351813, -1.07007
81, -0.169576, 0.7171, -1.06747
82, -0.163699, 1.08271, -1.06973
83, -0.158211, 1.44598, -1.07432
84, -0.140439, 1.80618, -1.05789
85, 0.137292, 0.000165803, -1.04811
86, 0.137439, 0.357316, -1.05386
87, 0.143334, 0.713983, -1.05498
88, 0.148457, 1.07207, -1.05638
89, 0.153159, 1.42799, -1.0593
90, 0.165146, 1.78097, -1.05663
91, 0.44995, 0.0012377, -1.04844
92, 0.451966, 0.356263, -1.04462
93, 0.455165, 0.708693, -1.04316
94, 0.46016, 1.06301, -1.04408
95, 0.467501, 1.41531, -1.04756
96, 0.477474, 1.76934, -1.05448
97, 0.757881, 0.00102802, -1.04636
98, 0.758465, 0.352713, -1.03293
99, 0.759651, 0.702231, -1.03444
100, 0.764782, 1.05501, -1.03377
101, 0.774902, 1.40638, -1.03318
102, 0.787775, 1.75636, -1.05321
103, 1.04694, -0.00692528, -0.976619
104, 1.04555, 0.3481, -0.969711
105, 1.04744, 0.696634, -0.980777
106, 1.05419, 1.04769, -0.978512
107, 1.06298, 1.3993, -0.965985
108, 1.07751, 1.75026, -0.976648
109, -0.721317, 0.0239742, -1.65441
110, -0.707284, 0.378012, -1.66501
111, -0.696216, 0.730827, -1.6532
112, -0.689814, 1.08274, -1.65356
113, -0.687349, 1.43623, -1.66667
114, -0.687308, 1.78619, -1.65671
115, -0.430446, 0.0193808, -1.58238
116, -0.417842, 0.371065, -1.60021
117, -0.405677, 0.723315, -1.59886
118, -0.398969, 1.07766, -1.59957
119, -0.398688, 1.42943, -1.60272
120, -0.39891, 1.77934, -1.58527
121, -0.12202, 0.00909472, -1.58187
122, -0.110604, 0.363202, -1.58763
123, -0.0996788, 0.716682, -1.58859
124, -0.0935774, 1.0715, -1.58981
125, -0.0916809, 1.42372, -1.59003
126, -0.089556, 1.77782, -1.58533
127, 0.190968, -0.00378483, -1.58151
128, 0.205123, 0.353163, -1.57618
129, 0.213177, 0.709064, -1.57537
130, 0.218683, 1.0665, -1.57632
131, 0.222217, 1.42181, -1.57911
132, 0.220144, 1.7764, -1.58756
133, 0.50416, -0.0227341, -1.57767
134, 0.518207, 0.336487, -1.56083
135, 0.523759, 0.69933, -1.56263
136, 0.528768, 1.06375, -1.56267
137, 0.533947, 1.42677, -1.56141
138, 0.530684, 1.7861, -1.58143
139, 0.802226, -0.0495629, -1.5042
140, 0.81745, 0.317909, -1.49569
141, 0.825716, 0.690919, -1.50795
142, 0.830771, 1.06096, -1.50763
143, 0.833125, 1.43436, -1.49486
144, 0.829125, 1.80406, -1.50531
145, -0.956682, 0.0783623, -2.16163
146, -0.927038, 0.408802, -2.16844
147, -0.911538, 0.740723, -2.15845
148, -0.904454, 1.07569, -2.159
149, -0.906858, 1.40608, -2.16882
150, -0.923413, 1.73806, -2.16186
151, -0.672782, 0.0445928, -2.10787
152, -0.647384, 0.388322, -2.11982
153, -0.630833, 0.73051, -2.11851
154, -0.624305, 1.07288, -2.11915
155, -0.627347, 1.41431, -2.12097
156, -0.638982, 1.75716, -2.10945
157, -0.363865, 0.0155743, -2.11147
158, -0.342894, 0.369702, -2.1154
159, -0.327443, 0.720193, -2.11673
160, -0.32105, 1.07046, -2.11711
161, -0.323901, 1.42037, -2.11664
162, -0.332354, 1.77263, -2.11377
163, -0.0632573, -0.00164535, -2.1094
164, -0.0388107, 0.352126, -2.10646
165, -0.0263852, 0.709252, -2.10573
166, -0.020345, 1.06895, -2.10623
167, -0.0203893, 1.42549, -2.10763
168, -0.0326207, 1.77851, -2.11164
169, 0.239661, -0.048288, -2.11274
170, 0.269946, 0.322855, -2.10038
171, 0.279954, 0.696368, -2.10182
172, 0.285547, 1.06969, -2.10176
173, 0.286965, 1.44362, -2.10086
174, 0.267959, 1.81376, -2.11494
175, 0.55342, -0.102907, -2.0565
176, 0.585169, 0.29316, -2.05125
177, 0.597529, 0.685126, -2.05971
178, 0.603139, 1.06968, -2.05941
179, 0.601479, 1.46259, -2.05134
180, 0.580238, 1.85821, -2.05782
181, -1.16788, 0.120379, -2.634
182, -1.12311, 0.429514, -2.634
183, -1.10521, 0.745249, -2.634
184, -1.09845, 1.0727, -2.634
185, -1.10209, 1.38868, -2.634
186, -1.13266, 1.69607, -2.634
187, -0.891649, 0.0632792, -2.634
188, -0.855628, 0.399202, -2.634
189, -0.838268, 0.734062, -2.634
190, -0.831259, 1.071, -2.634
191, -0.835147, 1.40537, -2.634
192, -0.857695, 1.74033, -2.634
193, -0.587442, 0.0204254, -2.634
194, -0.559739, 0.374273, -2.634
195, -0.541762, 0.722865, -2.634
196, -0.535213, 1.06963, -2.634
197, -0.539752, 1.41728, -2.634
198, -0.55379, 1.77021, -2.634
199, -0.285941, 0.00186858, -2.634
200, -0.259842, 0.353215, -2.634
201, -0.243993, 0.709998, -2.634
202, -0.23771, 1.06991, -2.634
203, -0.241024, 1.42642, -2.634
204, -0.254786, 1.7761, -2.634
205, 0.00223249, -0.0527466, -2.634
206, 0.0345551, 0.318173, -2.634
207, 0.0470732, 0.695337, -2.634
208, 0.0531239, 1.07246, -2.634
209, 0.0528477, 1.4497, -2.634
210, 0.0324005, 1.82072, -2.634
211, 0.31605, -0.113404, -2.634
212, 0.353812, 0.284259, -2.634
213, 0.367895, 0.68371, -2.634
214, 0.373774, 1.07267, -2.634
215, 0.371352, 1.47239, -2.634
216, 0.345155, 1.86998, -2.634
*Step  = 11
*Time  = 0.9152
*Data  = ux;uy;uz
1, 0, 0, 0
2, 0, 0.366821, 0
3, 0, 0.760723, 0
4, 0, 1.15673, 0
5, 0, 1.57039, 0
6, 0, 1.99547, 0
7, 0.330714, 0, 0
8, 0.327355, 0.370552, 0
9, 0.330844, 0.757792, 0
10, 0.334625, 1.1515, 0
11, 0.336665, 1.55071, 0
12, 0.35861, 1.94469, 0
13, 0.633285, 0, 0
14, 0.628452, 0.376905, 0
15, 0.628407, 0.75296, 0
16, 0.63454, 1.13333, 0
17, 0.648923, 1.51034, 0
18, 0.678854, 1.87996, 0
19, 0.946524, 0, 0
20, 0.941255, 0.373698, 0
21, 0.939812, 0.745823, 0
22, 0.947246, 1.11272, 0
23, 0.965773, 1.48137, 0
24, 0.998398, 1.85318, 0
25, 1.25724, 0, 0
26, 1.25183, 0.372937, 0
27, 1.25055, 0.736393, 0
28, 1.25804, 1.09441, 0
29, 1.27731, 1.44736, 0
30, 1.32114, 1.80098, 0
31, 1.54242, 0, 0
32, 1.53426, 0.37891, 0
33, 1.52845, 0.731729, 0
34, 1.53472, 1.07859, 0
35, 1.55609, 1.41127, 0
36, 1.60849, 1.73098, 0
37, -0.2496, -0.0879908, -0.595521
38, -0.266176, 0.346026, -0.601123
39, -0.26156, 0.758467, -0.599621
40, -0.255865, 1.15933, -0.597322
41, -0.246411, 1.57179, -0.609488
42, -0.213469, 1.98257, -0.594962
43, 0.0863193, -0.0395683, -0.538517
44, 0.0732604, 0.359368, -0.545132
45, 0.0774997, 0.754941, -0.547381
46, 0.082371, 1.14805, -0.548515
47, 0.0849888, 1.54254, -0.557585
48, 0.105542, 1.92767, -0.550756
49, 0.403805, 0.0041947, -0.546151
50, 0.396203, 0.373877, -0.548821
51, 0.398571, 0.751404, -0.54927
52, 0.403422, 1.13126, -0.550248
53, 0.410049, 1.50841, -0.552126
54, 0.431118, 1.88115, -0.548945
55, 0.717348, 0.003268, -0.540628
56, 0.712225, 0.376739, -0.539161
57, 0.712204, 0.745778, -0.537617
58, 0.718019, 1.11526, -0.538226
59, 0.731989, 1.48509, -0.541169
60, 0.755443, 1.85945, -0.546861
61, 1.0406, 0.0244021, -0.545746
62, 1.03113, 0.380347, -0.541098
63, 1.03087, 0.738838, -0.538307
64, 1.037, 1.10015, -0.537969
65, 1.05361, 1.46038, -0.53557
66, 1.08307, 1.82231, -0.549164
67, 1.32984, 0.0546819, -0.498176
68, 1.32002, 0.384777, -0.492317
69, 1.32292, 0.732457, -0.492799
70, 1.32965, 1.08748, -0.493023
71, 1.34674, 1.43477, -0.48032
72, 1.38287, 1.78153, -0.489898
73, -0.510976, -0.0224516, -1.17907
74, -0.514086, 0.364153, -1.18729
75, -0.510001, 0.759904, -1.17448
76, -0.50233, 1.15084, -1.17552
77, -0.494851, 1.54318, -1.18826
78, -0.478396, 1.93938, -1.17405
79, -0.197981, -0.0067005, -1.09677
80, -0.199722, 0.370663, -1.11377
81, -0.190784, 0.75579, -1.11102
82, -0.184392, 1.14133, -1.11338
83, -0.178246, 1.5243, -1.1184
84, -0.15904, 1.90399, -1.10031
85, 0.133356, -0.000305585, -1.09237
86, 0.133619, 0.376269, -1.0987
87, 0.139977, 0.752325, -1.10014
88, 0.14556, 1.12992, -1.10161
89, 0.150736, 1.50514, -1.10453
90, 0.16366, 1.87719, -1.10146
91, 0.462817, 0.000740013, -1.09298
92, 0.464832, 0.375054, -1.08861
93, 0.468253, 0.746642, -1.08686
94, 0.473715, 1.12012, -1.08784
95, 0.481828, 1.49151, -1.09166
96, 0.49282, 1.86485, -1.09927
97, 0.788404, 0.000978337, -1.09212
98, 0.788547, 0.371655, -1.07745
99, 0.789889, 0.739796, -1.0791
100, 0.795493, 1.11141, -1.07839
101, 0.806467, 1.4815, -1.07769
102, 0.820877, 1.85021, -1.09959
103, 1.09237, -0.0061719, -1.01456
104, 1.09009, 0.367164, -1.00715
105, 1.09219, 0.733829, -1.01935
106, 1.09953, 1.10341, -1.01688
107, 1.10899, 1.47344, -1.00299
108, 1.12539, 1.84216, -1.01453
109, -0.777734, 0.027393, -1.72787
110, -0.761811, 0.399492, -1.73947
111, -0.749878, 0.770801, -1.72652
112, -0.742941, 1.14132, -1.7268
113, -0.740205, 1.51344, -1.74106
114, -0.7408, 1.88117, -1.73001
115, -0.471942, 0.0209079, -1.6477
116, -0.45784, 0.391504, -1.66715
117, -0.444715, 0.762597, -1.66569
118, -0.437415, 1.13593, -1.66646
119, -0.436998, 1.50649, -1.66985
120, -0.437607, 1.87515, -1.65073
121, -0.145825, 0.00920906, -1.64868
122, -0.133334, 0.38258, -1.65512
123, -0.121419, 0.755308, -1.65634
124, -0.114791, 1.12935, -1.65764
125, -0.112762, 1.5007, -1.65772
126, -0.110546, 1.87403, -1.65243
127, 0.184054, -0.00456586, -1.64853
128, 0.199236, 0.37185, -1.64264
129, 0.208008, 0.747063, -1.64155
130, 0.214016, 1.12393, -1.64255
131, 0.217849, 1.49851, -1.64575
132, 0.215765, 1.87237, -1.65497
133, 0.515078, -0.0244865, -1.64694
134, 0.530031, 0.354145, -1.62845
135, 0.536186, 0.73663, -1.63039
136, 0.541676, 1.12086, -1.63042
137, 0.547242, 1.50353, -1.629
138, 0.544, 1.88229, -1.651
139, 0.828506, -0.0525366, -1.56458
140, 0.844586, 0.334212, -1.55525
141, 0.85369, 0.72757, -1.56862
142, 0.859223, 1.11774, -1.56821
143, 0.861689, 1.51157, -1.5542
144, 0.857796, 1.90077, -1.56568
145, -1.03117, 0.0866436, -2.25601
146, -0.998089, 0.433017, -2.26329
147, -0.98129, 0.781579, -2.2523
148, -0.9736, 1.13374, -2.25284
149, -0.976214, 1.48066, -2.26359
150, -0.995057, 1.82888, -2.2561
151, -0.732728, 0.0482487, -2.1963
152, -0.704577, 0.410247, -2.20934
153, -0.686604, 0.770431, -2.20791
154, -0.6795, 1.13081, -2.20859
155, -0.682785, 1.49017, -2.21056
156, -0.695954, 1.85125, -2.19794
157, -0.406083, 0.0161212, -2.20094
158, -0.383208, 0.389632, -2.20532
159, -0.366288, 0.759155, -2.20683
160, -0.35934, 1.12829, -2.20724
161, -0.362555, 1.49716, -2.20665
162, -0.371804, 1.86863, -2.20339
163, -0.0893873, -0.00163222, -2.19844
164, -0.0630171, 0.370884, -2.19532
165, -0.0493597, 0.747312, -2.19437
166, -0.0427918, 1.12663, -2.19491
167, -0.0429913, 1.5024, -2.19658
168, -0.0561069, 1.87409, -2.20084
169, 0.229359, -0.0517646, -2.20452
170, 0.262314, 0.339493, -2.1909
171, 0.273335, 0.733455, -2.19249
172, 0.279429, 1.12729, -2.19242
173, 0.280842, 1.52173, -2.19142
174, 0.260097, 1.9119, -2.20696
175, 0.559986, -0.110867, -2.14165
176, 0.594433, 0.30723, -2.13567
177, 0.607988, 0.721314, -2.1448
178, 0.61413, 1.12718, -2.14442
179, 0.612228, 1.54239, -2.13565
180, 0.589171, 1.96004, -2.14296
181, -1.25758, 0.132703, -2.7456
182, -1.20785, 0.455779, -2.7456
183, -1.18843, 0.786561, -2.7456
184, -1.18111, 1.13051, -2.7456
185, -1.18508, 1.46162, -2.7456
186, -1.21939, 1.7829, -2.7456
187, -0.968192, 0.0690431, -2.7456
188, -0.928134, 0.422205, -2.7456
189, -0.909283, 0.774358, -2.7456
190, -0.901664, 1.12879, -2.7456
191, -0.905875, 1.48043, -2.7456
192, -0.931272, 1.83259, -2.7456
193, -0.647098, 0.0213815, -2.7456
194, -0.616578, 0.394703, -2.7456
195, -0.596918, 0.762136, -2.7456
196, -0.589792, 1.12739, -2.7456
197, -0.594832, 1.49379, -2.7456
198, -0.61047, 1.86614, -2.7456
199, -0.328651, 0.00228181, -2.7456
200, -0.300309, 0.372183, -2.7456
201, -0.282849, 0.748164, -2.7456
202, -0.27601, 1.12771, -2.7456
203, -0.279826, 1.50336, -2.7456
204, -0.294742, 1.87145, -2.7456
205, -0.0263642, -0.0563551, -2.7456
206, 0.0087262, 0.334455, -2.7456
207, 0.0224249, 0.732377, -2.7456
208, 0.0289907, 1.13036, -2.7456
209, 0.0285907, 1.52837, -2.7456
210, 0.00637085, 1.91927, -2.7456
211, 0.303927, -0.122264, -2.7456
212, 0.345096, 0.297527, -2.7456
213, 0.360594, 0.719845, -2.7456
214, 0.366998, 1.13047, -2.7456
215, 0.364167, 1.55315, -2.7456
216, 0.335521, 1.97287, -2.7456
*Step  = 12
*Time  = 0.96496
*Data  = ux;uy;uz
1, 0, 0, 0
2, 0, 0.392109, 0
3, 0, 0.814629, 0
4, 0, 1.23886, 0
5, 0, 1.68283, 0
6, 0, 2.13894, 0
7, 0.353331, 0, 0
8, 0.349946, 0.396098, 0
9, 0.353902, 0.811261, 0
10, 0.358064, 1.23347, 0
11, 0.360054, 1.66152, 0
12, 0.383952, 2.08286, 0
13, 0.675409, 0, 0
14, 0.669748, 0.403165, 0
15, 0.66942, 0.805753, 0
16, 0.676182, 1.21342, 0
17, 0.692534, 1.61707, 0
18, 0.725724, 2.01207, 0
19, 1.01127, 0, 0
20, 1.00485, 0.399508, 0
21, 1.00299, 0.797858, 0
22, 1.01116, 1.19042, 0
23, 1.03191, 1.58519, 0
24, 1.06887, 1.98367, 0
25, 1.34358, 0, 0
26, 1.33703, 0.39895, 0
27, 1.33533, 0.787449, 0
28, 1.34349, 1.16995, 0
29, 1.3648, 1.54666, 0
30, 1.41493, 1.92383, 0
31, 1.64591, 0, 0
32, 1.6363, 0.40628, 0
33, 1.62934, 0.782573, 0
34, 1.63613, 1.1523, 0
35, 1.65971, 1.50562, 0
36, 1.71955, 1.84346, 0
37, -0.274572, -0.0963608, -0.630771
38, -0.292869, 0.369419, -0.637784
39, -0.287989, 0.812015, -0.636105
40, -0.281738, 1.24158, -0.633349
41, -0.271225, 1.68429, -0.646148
42, -0.234771, 2.12479, -0.629179
43, 0.0849136, -0.0433133, -0.564342
44, 0.0701946, 0.384023, -0.571996
45, 0.0746747, 0.80803, -0.574286
46, 0.0801042, 1.22942, -0.57549
47, 0.083252, 1.65215, -0.585581
48, 0.106085, 2.06404, -0.577778
49, 0.423711, 0.00440907, -0.576376
50, 0.415428, 0.399591, -0.579357
51, 0.417945, 0.803939, -0.580104
52, 0.423354, 1.21103, -0.58111
53, 0.430986, 1.61486, -0.582866
54, 0.454175, 2.01325, -0.579189
55, 0.7591, 0.00192519, -0.56972
56, 0.753014, 0.402581, -0.567834
57, 0.752787, 0.797754, -0.566189
58, 0.759287, 1.19322, -0.566759
59, 0.775067, 1.5893, -0.570159
60, 0.801397, 1.99054, -0.576654
61, 1.10648, 0.0269001, -0.57629
62, 1.09497, 0.40728, -0.571179
63, 1.09468, 0.790237, -0.56825
64, 1.1015, 1.17634, -0.567857
65, 1.11992, 1.56128, -0.565106
66, 1.15358, 1.94822, -0.580125
67, 1.41415, 0.0640202, -0.521901
68, 1.40206, 0.413123, -0.515354
69, 1.4054, 0.783282, -0.516087
70, 1.41282, 1.16222, -0.516338
71, 1.43171, 1.53197, -0.50198
72, 1.47326, 1.9002, -0.512425
73, -0.563149, -0.0228146, -1.24821
74, -0.565582, 0.389864, -1.25784
75, -0.561272, 0.813659, -1.24377
76, -0.552798, 1.23224, -1.24456
77, -0.54433, 1.65244, -1.25844
78, -0.526832, 2.07613, -1.24185
79, -0.229298, -0.00738789, -1.15252
80, -0.230716, 0.396551, -1.1717
81, -0.221046, 0.808993, -1.16876
82, -0.213907, 1.22194, -1.17126
83, -0.206758, 1.63202, -1.17685
84, -0.185686, 2.03853, -1.15647
85, 0.126942, -0.00118833, -1.15158
86, 0.12745, 0.40214, -1.15874
87, 0.134475, 0.804963, -1.16069
88, 0.140727, 1.20948, -1.16227
89, 0.146592, 1.61133, -1.16514
90, 0.160794, 2.00964, -1.16146
91, 0.479327, -0.000164925, -1.15265
92, 0.481287, 0.400689, -1.14743
93, 0.48501, 0.798719, -1.14525
94, 0.491151, 1.19861, -1.1463
95, 0.500416, 1.59634, -1.15061
96, 0.512936, 1.99628, -1.15926
97, 0.829501, 0.000761404, -1.15358
98, 0.828858, 0.397624, -1.13727
99, 0.830471, 0.79138, -1.13914
100, 0.836766, 1.18885, -1.13839
101, 0.848931, 1.58468, -1.1375
102, 0.865693, 1.97918, -1.16195
103, 1.15383, -0.00458815, -1.06467
104, 1.14995, 0.393541, -1.05656
105, 1.15236, 0.784916, -1.07033
106, 1.16056, 1.17986, -1.06755
107, 1.17095, 1.57501, -1.05174
108, 1.19032, 1.96769, -1.06455
109, -0.856778, 0.0328853, -1.82678
110, -0.837827, 0.429349, -1.83987
111, -0.82469, 0.825857, -1.82535
112, -0.817, 1.22183, -1.8255
113, -0.813855, 1.61938, -1.84129
114, -0.815665, 2.01111, -1.82859
115, -0.530674, 0.0229887, -1.73475
116, -0.514259, 0.419627, -1.75639
117, -0.499812, 0.816644, -1.75479
118, -0.491668, 1.21605, -1.75562
119, -0.490995, 1.61247, -1.75935
120, -0.492292, 2.00695, -1.73796
121, -0.179909, 0.00915339, -1.73792
122, -0.165823, 0.409061, -1.74538
123, -0.152479, 0.808364, -1.74702
124, -0.1451, 1.20893, -1.74845
125, -0.14288, 1.60668, -1.74829
126, -0.140573, 2.00647, -1.74208
127, 0.173037, -0.00587933, -1.73816
128, 0.189599, 0.397363, -1.73144
129, 0.199388, 0.799218, -1.72992
130, 0.206118, 1.20289, -1.73099
131, 0.210402, 1.60406, -1.73479
132, 0.208395, 2.00447, -1.7451
133, 0.528816, -0.0270442, -1.74012
134, 0.544887, 0.378328, -1.71938
135, 0.551955, 0.787848, -1.72152
136, 0.558146, 1.1993, -1.72155
137, 0.564239, 1.60902, -1.7199
138, 0.561227, 2.01455, -1.74462
139, 0.863195, -0.0562063, -1.64478
140, 0.880205, 0.356678, -1.63424
141, 0.890539, 0.777894, -1.64913
142, 0.896767, 1.19568, -1.64859
143, 0.899375, 1.61747, -1.63286
144, 0.895942, 2.03312, -1.64586
145, -1.13542, 0.099022, -2.38285
146, -1.09711, 0.466747, -2.39081
147, -1.07848, 0.8379, -2.37844
148, -1.06993, 1.2135, -2.37895
149, -1.07283, 1.58289, -2.39097
150, -1.09523, 1.95294, -2.38271
151, -0.817181, 0.0533937, -2.31445
152, -0.784926, 0.440507, -2.32893
153, -0.764956, 0.825389, -2.32733
154, -0.757027, 1.21047, -2.32807
155, -0.760617, 1.59442, -2.33025
156, -0.776128, 1.98058, -2.31614
157, -0.465908, 0.0166376, -2.32058
158, -0.440251, 0.416903, -2.32565
159, -0.421219, 0.812703, -2.32745
160, -0.413476, 1.20783, -2.32791
161, -0.41721, 1.60287, -2.32713
162, -0.427639, 2.00086, -2.32326
163, -0.127052, -0.00177039, -2.31738
164, -0.0980647, 0.396502, -2.31399
165, -0.0826411, 0.799561, -2.31272
166, -0.0753193, 1.20596, -2.31332
167, -0.0757396, 1.60826, -2.31538
168, -0.0899744, 2.00561, -2.31998
169, 0.213369, -0.0565786, -2.32773
170, 0.24996, 0.362306, -2.31242
171, 0.262472, 0.784389, -2.31421
172, 0.269286, 1.20645, -2.31413
173, 0.270659, 1.6291, -2.31301
174, 0.247614, 2.04676, -2.33056
175, 0.567091, -0.121552, -2.2553
176, 0.605139, 0.326575, -2.24824
177, 0.620433, 0.771016, -2.25823
178, 0.627346, 1.20612, -2.25773
179, 0.625076, 1.65194, -2.24803
180, 0.599686, 2.09962, -2.25659
181, -1.38275, 0.150857, -2.89488
182, -1.32564, 0.492453, -2.89488
183, -1.30406, 0.843536, -2.89488
184, -1.29595, 1.20994, -2.89488
185, -1.30042, 1.56151, -2.89488
186, -1.34033, 1.9013, -2.89488
187, -1.07578, 0.0773552, -2.89488
188, -1.02972, 0.454035, -2.89488
189, -1.00875, 0.829858, -2.89488
190, -1.00026, 1.20827, -2.89488
191, -1.00491, 1.58352, -2.89488
192, -1.0346, 1.95918, -2.89488
193, -0.731406, 0.0225033, -2.89488
194, -0.696722, 0.422716, -2.89488
195, -0.674643, 0.81614, -2.89488
196, -0.666692, 1.20685, -2.89488
197, -0.67245, 1.59911, -2.89488
198, -0.690495, 1.99825, -2.89488
199, -0.389453, 0.00273725, -2.89488
200, -0.357923, 0.398133, -2.89488
201, -0.338143, 0.800574, -2.89488
202, -0.330506, 1.20722, -2.89488
203, -0.335044, 1.60926, -2.89488
204, -0.351582, 2.00261, -2.89488
205, -0.0679282, -0.0612839, -2.89488
206, -0.0290227, 0.356799, -2.89488
207, -0.0136227, 0.783259, -2.89488
208, -0.0063258, 1.20992, -2.89488
209, -0.00691492, 1.63649, -2.89488
210, -0.0315285, 2.05466, -2.89488
211, 0.284865, -0.134257, -2.89488
212, 0.3307, 0.315751, -2.89488
213, 0.348252, 0.7695, -2.89488
214, 0.355407, 1.20984, -2.89488
215, 0.351953, 1.66408, -2.89488
216, 0.320012, 2.114, -2.89488
*Step  = 13
*Time  = 1
*Data  = ux;uy;uz
1, 0, 0, 0
2, 0, 0.410406, 0
3, 0, 0.853653, 0
4, 0, 1.29827, 0
5, 0, 1.76414, 0
6, 0, 2.24257, 0
7, 0.369573, 0, 0
8, 0.366206, 0.414517, 0
9, 0.370512, 0.849936, 0
10, 0.374948, 1.29283, 0
11, 0.376875, 1.74175, 0
12, 0.40214, 2.18277, 0
13, 0.705616, 0, 0
14, 0.699295, 0.42208, 0
15, 0.698745, 0.843895, 0
16, 0.705975, 1.27141, 0
17, 0.723827, 1.69439, 0
18, 0.759427, 2.10775, 0
19, 1.05791, 0, 0
20, 1.05055, 0.418106, 0
21, 1.04836, 0.835449, 0
22, 1.05707, 1.24662, 0
23, 1.07949, 1.66034, 0
24, 1.11981, 2.07821, 0
25, 1.4058, 0, 0
26, 1.39833, 0.417741, 0
27, 1.3963, 0.824333, 0
28, 1.40494, 1.22451, 0
29, 1.42775, 1.61834, 0
30, 1.48277, 2.01241, 0
31, 1.72014, 0, 0
32, 1.70937, 0.426181, 0
33, 1.70147, 0.819344, 0
34, 1.70865, 1.20547, 0
35, 1.73386, 1.57346, 0
36, 1.79948, 1.92392, 0
37, -0.293015, -0.102042, -0.655832
38, -0.31241, 0.386468, -0.663924
39, -0.307377, 0.850801, -0.662131
40, -0.300713, 1.30106, -0.65903
41, -0.289375, 1.76561, -0.672201
42, -0.250472, 2.22745, -0.653391
43, 0.0834586, -0.0460168, -0.582194
44, 0.067586, 0.401854, -0.590601
45, 0.0722069, 0.846439, -0.592934
46, 0.0780634, 1.2883, -0.594187
47, 0.0816793, 1.73148, -0.604997
48, 0.106155, 2.16269, -0.596488
49, 0.43761, 0.00438676, -0.597742
50, 0.428879, 0.418049, -0.600951
51, 0.431505, 0.841885, -0.601951
52, 0.437342, 1.26878, -0.602976
53, 0.445753, 1.69198, -0.604633
54, 0.470472, 2.1089, -0.600587
55, 0.788842, 0.000669134, -0.590212
56, 0.78196, 0.42113, -0.587975
57, 0.78156, 0.835289, -0.586265
58, 0.788581, 1.24959, -0.586789
59, 0.805741, 1.66476, -0.590539
60, 0.834282, 2.08552, -0.597658
61, 1.15382, 0.0286978, -0.597839
62, 1.14066, 0.426739, -0.592445
63, 1.14037, 0.827369, -0.589442
64, 1.14769, 1.23138, -0.589009
65, 1.16745, 1.63418, -0.585988
66, 1.20439, 2.0392, -0.601987
67, 1.47459, 0.0714871, -0.538264
68, 1.46062, 0.43379, -0.531192
69, 1.46431, 0.820007, -0.532088
70, 1.47225, 1.21614, -0.532347
71, 1.49245, 1.60194, -0.516773
72, 1.53829, 1.98528, -0.527849
73, -0.601603, -0.022606, -1.29735
74, -0.603262, 0.408629, -1.30805
75, -0.598813, 0.852606, -1.29309
76, -0.589742, 1.29113, -1.29368
77, -0.58051, 1.73138, -1.30833
78, -0.562479, 2.1747, -1.28991
79, -0.252791, -0.00794848, -1.19142
80, -0.253797, 0.41526, -1.21215
81, -0.243622, 0.847498, -1.20913
82, -0.235918, 1.28027, -1.21171
83, -0.227977, 1.70999, -1.21769
84, -0.205666, 2.13594, -1.19567
85, 0.121666, -0.00202119, -1.19324
86, 0.122421, 0.420704, -1.20103
87, 0.129956, 0.842987, -1.20338
88, 0.136715, 1.26709, -1.20503
89, 0.143104, 1.68828, -1.20786
90, 0.158216, 2.10561, -1.2037
91, 0.490518, -0.0010017, -1.19478
92, 0.492391, 0.419073, -1.18888
93, 0.49633, 0.836325, -1.18637
94, 0.502987, 1.2554, -1.18746
95, 0.51315, 1.67227, -1.19213
96, 0.526876, 2.0915, -1.20159
97, 0.858697, 0.000488488, -1.19697
98, 0.857345, 0.416349, -1.17954
99, 0.859195, 0.828659, -1.18158
100, 0.866019, 1.24482, -1.1808
101, 0.879055, 1.65928, -1.17978
102, 0.897707, 2.07246, -1.20601
103, 1.19766, -0.00299942, -1.0995
104, 1.19234, 0.412768, -1.09088
105, 1.19499, 0.821851, -1.1058
106, 1.20384, 1.23506, -1.10278
107, 1.21491, 1.64823, -1.08557
108, 1.23675, 2.05787, -1.09932
109, -0.914904, 0.0374988, -1.8969
110, -0.893417, 0.451217, -1.91114
111, -0.879397, 0.865773, -1.89548
112, -0.871146, 1.28006, -1.8955
113, -0.867678, 1.69585, -1.91237
114, -0.87065, 2.10463, -1.89836
115, -0.574244, 0.0244809, -1.7959
116, -0.555954, 0.439987, -1.81905
117, -0.540547, 0.855782, -1.81736
118, -0.531769, 1.27403, -1.81823
119, -0.530858, 1.68918, -1.82219
120, -0.532783, 2.10238, -1.79921
121, -0.205416, 0.00893407, -1.80063
122, -0.190081, 0.428086, -1.80888
123, -0.175654, 0.84671, -1.81087
124, -0.167707, 1.26656, -1.8124
125, -0.16534, 1.68348, -1.81205
126, -0.163, 2.10244, -1.80513
127, 0.164119, -0.00702589, -1.80128
128, 0.181653, 0.415674, -1.79393
129, 0.192196, 0.836883, -1.79209
130, 0.199472, 1.26005, -1.7932
131, 0.204113, 1.68053, -1.79744
132, 0.202234, 2.1002, -1.80857
133, 0.537979, -0.029012, -1.80603
134, 0.554748, 0.395749, -1.78373
135, 0.562537, 0.82486, -1.78599
136, 0.569266, 1.25601, -1.78602
137, 0.575737, 1.68533, -1.78423
138, 0.573058, 2.11027, -1.81087
139, 0.887413, -0.058518, -1.70088
140, 0.904888, 0.372992, -1.68942
141, 0.916169, 0.814263, -1.70539
142, 0.922927, 1.25197, -1.70474
143, 0.925628, 1.6939, -1.68777
144, 0.922792, 2.1284, -1.70193
145, -1.21197, 0.108773, -2.47263
146, -1.16949, 0.491501, -2.48111
147, -1.14951, 0.878768, -2.46773
148, -1.14031, 1.27118, -2.4682
149, -1.14343, 1.65661, -2.48112
150, -1.16873, 2.04208, -2.47225
151, -0.879581, 0.0572021, -2.39758
152, -0.844104, 0.462483, -2.41307
153, -0.822659, 0.865208, -2.41132
154, -0.814107, 1.26811, -2.4121
155, -0.817894, 1.66984, -2.41445
156, -0.835282, 2.07414, -2.3993
157, -0.510309, 0.0168147, -2.40478
158, -0.482502, 0.43652, -2.41041
159, -0.461875, 0.851431, -2.41244
160, -0.453531, 1.26543, -2.41294
161, -0.457651, 1.67948, -2.41201
162, -0.469008, 2.09673, -2.40764
163, -0.155361, -0.0020137, -2.40104
164, -0.124508, 0.414891, -2.39743
165, -0.107757, 0.837303, -2.39592
166, -0.0998679, 1.2634, -2.39657
167, -0.100447, 1.68497, -2.39891
168, -0.115411, 2.10088, -2.40377
169, 0.20071, -0.0600899, -2.41477
170, 0.239864, 0.378766, -2.39828
171, 0.253529, 0.821203, -2.4002
172, 0.260888, 1.26369, -2.40013
173, 0.262207, 1.70676, -2.39893
174, 0.237612, 2.14429, -2.4179
175, 0.571075, -0.129035, -2.33518
176, 0.611611, 0.340604, -2.32728
177, 0.628231, 0.806946, -2.33788
178, 0.635729, 1.26316, -2.33728
179, 0.63317, 1.73108, -2.32691
180, 0.606257, 2.20024, -2.33644
181, -1.4744, 0.164952, -3
182, -1.41152, 0.519426, -3
183, -1.38831, 0.8849, -3
184, -1.37963, 1.26737, -3
185, -1.38448, 1.63348, -3
186, -1.42883, 1.9862, -3
187, -1.15511, 0.0836576, -3
188, -1.10436, 0.477213, -3
189, -1.08183, 0.870088, -3
190, -1.07267, 1.26578, -3
191, -1.07764, 1.65805, -3
192, -1.11071, 2.0506, -3
193, -0.793852, 0.023159, -3
194, -0.75593, 0.442916, -3
195, -0.732016, 0.855221, -3
196, -0.723442, 1.26439, -3
197, -0.729746, 1.67542, -3
198, -0.749693, 2.09403, -3
199, -0.434734, 0.00296342, -3
200, -0.400821, 0.416798, -3
201, -0.379284, 0.838448, -3
202, -0.371043, 1.2648, -3
203, -0.376128, 1.68599, -3
204, -0.39386, 2.09761, -3
205, -0.0993801, -0.0648308, -3
206, -0.0577247, 0.372938, -3
207, -0.0410326, 0.820048, -3
208, -0.0331885, 1.26747, -3
209, -0.0339295, 1.7147, -3
210, -0.0602227, 2.15254, -3
211, 0.269612, -0.142754, -3
212, 0.318773, 0.32896, -3
213, 0.337887, 0.805416, -3
214, 0.345607, 1.2672, -3
215, 0.341665, 1.74424, -3
216, 0.307435, 2.21583, -3
