*Title:
*Step  = 1
*Time  = 0.05
*Data  = Rx;Ry;Rz
1, 0, 0, 0
2, 0, 0, 0
3, 0, 0, 0
4, 0, 0, 0
5, 0, 0, 0
6, 0, 0, 0
7, 0, 0, 0
8, 0, 0, 0
9, 0, 0, 0
10, 0, 0, 0
11, 0, 0, 0
12, 0, 0, 0
13, 0, 0, 0
14, 0, 0, 0
15, 0, 0, 0
16, 0, 0, 0
17, 0, 0, 0
18, 0, 0, 0
19, 0, 0, 0
20, 0, 0, 0
21, 0, 0, 0
22, 0, 0, 0
23, 0, 0, 0
24, 0, 0, 0
25, 0, 0, 0
26, 0, 0, 0
27, 0, 0, 0
28, 0, 0, 0
29, 0, 0, 0
30, 0, 0, 0
31, 0, 0, 0
32, 0, 0, 0
33, 0, 0, 0
34, 0, 0, 0
35, 0, 0, 0
36, 0, 0, 0
37, 0, 0, 0
38, 0, 0, 0
39, 0, 0, 0
40, 0, 0, 0
41, 0, 0, 0
42, 0, 0, 0
43, 0, 0, 0
44, 0, 0, 0
45, 0, 0, 0
46, 0, 0, 0
47, 0, 0, 0
48, 0, 0, 0
49, 0, 0, 0
50, 0, 0, 0
51, 0, 0, 0
52, 0, 0, 0
53, 0, 0, 0
54, 0, 0, 0
55, 0, 0, 0
56, 0, 0, 0
57, 0, 0, 0
58, 0, 0, 0
59, 0, 0, 0
60, 0, 0, 0
61, 0, 0, 0
62, 0, 0, 0
63, 0, 0, 0
64, 0, 0, 0
65, 0, 0, 0
66, 0, 0, 0
67, 0, 0, 0
68, 0, 0, 0
69, 0, 0, 0
70, 0, 0, 0
71, 0, 0, 0
72, 0, 0, 0
73, 0, 0, 0
74, 0, 0, 0
75, 0, 0, 0
76, 0, 0, 0
77, 0, 0, 0
78, 0, 0, 0
79, 0, 0, 0
80, 0, 0, 0
81, 0, 0, 0
82, 0, 0, 0
83, 0, 0, 0
84, 0, 0, 0
85, 0, 0, 0
86, 0, 0, 0
87, 0, 0, 0
88, 0, 0, 0
89, 0, 0, 0
90, 0, 0, 0
91, 0, 0, 0
92, 0, 0, 0
93, 0, 0, 0
94, 0, 0, 0
95, 0, 0, 0
96, 0, 0, 0
97, 0, 0, 0
98, 0, 0, 0
99, 0, 0, 0
100, 0, 0, 0
101, 0, 0, 0
102, 0, 0, 0
103, 0, 0, 0
104, 0, 0, 0
105, 0, 0, 0
106, 0, 0, 0
107, 0, 0, 0
108, 0, 0, 0
109, 0, 0, 0
110, 0, 0, 0
111, 0, 0, 0
112, 0, 0, 0
113, 0, 0, 0
114, 0, 0, 0
115, 0, 0, 0
116, 0, 0, 0
117, 0, 0, 0
118, 0, 0, 0
119, 0, 0, 0
120, 0, 0, 0
121, 0, 0, 0
122, 0, 0, 0
123, 0, 0, 0
124, 0, 0, 0
125, 0, 0, 0
126, 0, 0, 0
127, 0, 0, 0
128, 0, 0, 0
129, 0, 0, 0
130, 0, 0, 0
131, 0, 0, 0
132, 0, 0, 0
133, 0, 0, 0
134, 0, 0, 0
135, 0, 0, 0
136, 0, 0, 0
137, 0, 0, 0
138, 0, 0, 0
139, 0, 0, 0
140, 0, 0, 0
141, 0, 0, 0
142, 0, 0, 0
143, 0, 0, 0
144, 0, 0, 0
145, 0, 0, 0
146, 0, 0, 0
147, 0, 0, 0
148, 0, 0, 0
149, 0, 0, 0
150, 0, 0, 0
151, 0, 0, 0
152, 0, 0, 0
153, 0, 0, 0
154, 0, 0, 0
155, 0, 0, 0
156, 0, 0, 0
157, 0, 0, 0
158, 0, 0, 0
159, 0, 0, 0
160, 0, 0, 0
161, 0, 0, 0
162, 0, 0, 0
163, 0, 0, 0
164, 0, 0, 0
165, 0, 0, 0
166, 0, 0, 0
167, 0, 0, 0
168, 0, 0, 0
169, 0, 0, 0
170, 0, 0, 0
171, 0, 0, 0
172, 0, 0, 0
173, 0, 0, 0
174, 0, 0, 0
175, 0, 0, 0
176, 0, 0, 0
177, 0, 0, 0
178, 0, 0, 0
179, 0, 0, 0
180, 0, 0, 0
181, 0, 0, -2.20623e-005
182, 0, 0, -4.41246e-005
183, 0, 0, -4.41248e-005
184, 0, 0, -4.41252e-005
185, 0, 0, -4.41255e-005
186, 0, 0, -2.20628e-005
187, 0, 0, -4.41249e-005
188, 0, 0, -8.82495e-005
189, 0, 0, -8.82496e-005
190, 0, 0, -8.82503e-005
191, 0, 0, -8.82509e-005
192, 0, 0, -4.41256e-005
193, 0, 0, -4.41253e-005
194, 0, 0, -8.82505e-005
195, 0, 0, -8.82507e-005
196, 0, 0, -8.82508e-005
197, 0, 0, -8.8251e-005
198, 0, 0, -4.41257e-005
199, 0, 0, -4.41252e-005
200, 0, 0, -8.82502e-005
201, 0, 0, -8.82506e-005
202, 0, 0, -8.82509e-005
203, 0, 0, -8.82513e-005
204, 0, 0, -4.4126e-005
205, 0, 0, -4.41247e-005
206, 0, 0, -8.82493e-005
207, 0, 0, -8.82498e-005
208, 0, 0, -8.82502e-005
209, 0, 0, -8.82506e-005
210, 0, 0, -4.41257e-005
211, 0, 0, -2.20623e-005
212, 0, 0, -4.41247e-005
213, 0, 0, -4.4125e-005
214, 0, 0, -4.4125e-005
215, 0, 0, -4.4125e-005
216, 0, 0, -2.20626e-005
*Step  = 2
*Time  = 0.11
*Data  = Rx;Ry;Rz
1, 0, 0, 0
2, 0, 0, 0
3, 0, 0, 0
4, 0, 0, 0
5, 0, 0, 0
6, 0, 0, 0
7, 0, 0, 0
8, 0, 0, 0
9, 0, 0, 0
10, 0, 0, 0
11, 0, 0, 0
12, 0, 0, 0
13, 0, 0, 0
14, 0, 0, 0
15, 0, 0, 0
16, 0, 0, 0
17, 0, 0, 0
18, 0, 0, 0
19, 0, 0, 0
20, 0, 0, 0
21, 0, 0, 0
22, 0, 0, 0
23, 0, 0, 0
24, 0, 0, 0
25, 0, 0, 0
26, 0, 0, 0
27, 0, 0, 0
28, 0, 0, 0
29, 0, 0, 0
30, 0, 0, 0
31, 0, 0, 0
32, 0, 0, 0
33, 0, 0, 0
34, 0, 0, 0
35, 0, 0, 0
36, 0, 0, 0
37, 0, 0, 0
38, 0, 0, 0
39, 0, 0, 0
40, 0, 0, 0
41, 0, 0, 0
42, 0, 0, 0
43, 0, 0, 0
44, 0, 0, 0
45, 0, 0, 0
46, 0, 0, 0
47, 0, 0, 0
48, 0, 0, 0
49, 0, 0, 0
50, 0, 0, 0
51, 0, 0, 0
52, 0, 0, 0
53, 0, 0, 0
54, 0, 0, 0
55, 0, 0, 0
56, 0, 0, 0
57, 0, 0, 0
58, 0, 0, 0
59, 0, 0, 0
60, 0, 0, 0
61, 0, 0, 0
62, 0, 0, 0
63, 0, 0, 0
64, 0, 0, 0
65, 0, 0, 0
66, 0, 0, 0
67, 0, 0, 0
68, 0, 0, 0
69, 0, 0, 0
70, 0, 0, 0
71, 0, 0, 0
72, 0, 0, 0
73, 0, 0, 0
74, 0, 0, 0
75, 0, 0, 0
76, 0, 0, 0
77, 0, 0, 0
78, 0, 0, 0
79, 0, 0, 0
80, 0, 0, 0
81, 0, 0, 0
82, 0, 0, 0
83, 0, 0, 0
84, 0, 0, 0
85, 0, 0, 0
86, 0, 0, 0
87, 0, 0, 0
88, 0, 0, 0
89, 0, 0, 0
90, 0, 0, 0
91, 0, 0, 0
92, 0, 0, 0
93, 0, 0, 0
94, 0, 0, 0
95, 0, 0, 0
96, 0, 0, 0
97, 0, 0, 0
98, 0, 0, 0
99, 0, 0, 0
100, 0, 0, 0
101, 0, 0, 0
102, 0, 0, 0
103, 0, 0, 0
104, 0, 0, 0
105, 0, 0, 0
106, 0, 0, 0
107, 0, 0, 0
108, 0, 0, 0
109, 0, 0, 0
110, 0, 0, 0
111, 0, 0, 0
112, 0, 0, 0
113, 0, 0, 0
114, 0, 0, 0
115, 0, 0, 0
116, 0, 0, 0
117, 0, 0, 0
118, 0, 0, 0
119, 0, 0, 0
120, 0, 0, 0
121, 0, 0, 0
122, 0, 0, 0
123, 0, 0, 0
124, 0, 0, 0
125, 0, 0, 0
126, 0, 0, 0
127, 0, 0, 0
128, 0, 0, 0
129, 0, 0, 0
130, 0, 0, 0
131, 0, 0, 0
132, 0, 0, 0
133, 0, 0, 0
134, 0, 0, 0
135, 0, 0, 0
136, 0, 0, 0
137, 0, 0, 0
138, 0, 0, 0
139, 0, 0, 0
140, 0, 0, 0
141, 0, 0, 0
142, 0, 0, 0
143, 0, 0, 0
144, 0, 0, 0
145, 0, 0, 0
146, 0, 0, 0
147, 0, 0, 0
148, 0, 0, 0
149, 0, 0, 0
150, 0, 0, 0
151, 0, 0, 0
152, 0, 0, 0
153, 0, 0, 0
154, 0, 0, 0
155, 0, 0, 0
156, 0, 0, 0
157, 0, 0, 0
158, 0, 0, 0
159, 0, 0, 0
160, 0, 0, 0
161, 0, 0, 0
162, 0, 0, 0
163, 0, 0, 0
164, 0, 0, 0
165, 0, 0, 0
166, 0, 0, 0
167, 0, 0, 0
168, 0, 0, 0
169, 0, 0, 0
170, 0, 0, 0
171, 0, 0, 0
172, 0, 0, 0
173, 0, 0, 0
174, 0, 0, 0
175, 0, 0, 0
176, 0, 0, 0
177, 0, 0, 0
178, 0, 0, 0
179, 0, 0, 0
180, 0, 0, 0
181, 0, 0, -4.77865e-005
182, 0, 0, -9.5573e-005
183, 0, 0, -9.5573e-005
184, 0, 0, -9.5573e-005
185, 0, 0, -9.5573e-005
186, 0, 0, -4.77865e-005
187, 0, 0, -9.5573e-005
188, 0, 0, -0.000191146
189, 0, 0, -0.000191146
190, 0, 0, -0.000191146
191, 0, 0, -0.000191146
192, 0, 0, -9.5573e-005
193, 0, 0, -9.5573e-005
194, 0, 0, -0.000191146
195, 0, 0, -0.000191146
196, 0, 0, -0.000191146
197, 0, 0, -0.000191146
198, 0, 0, -9.5573e-005
199, 0, 0, -9.5573e-005
200, 0, 0, -0.000191146
201, 0, 0, -0.000191146
202, 0, 0, -0.000191146
203, 0, 0, -0.000191146
204, 0, 0, -9.5573e-005
205, 0, 0, -9.5573e-005
206, 0, 0, -0.000191146
207, 0, 0, -0.000191146
208, 0, 0, -0.000191146
209, 0, 0, -0.000191146
210, 0, 0, -9.5573e-005
211, 0, 0, -4.77865e-005
212, 0, 0, -9.5573e-005
213, 0, 0, -9.5573e-005
214, 0, 0, -9.5573e-005
215, 0, 0, -9.5573e-005
216, 0, 0, -4.77865e-005
*Step  = 3
*Time  = 0.178
*Data  = Rx;Ry;Rz
1, 0, 0, 0
2, 0, 0, 0
3, 0, 0, 0
4, 0, 0, 0
5, 0, 0, 0
6, 0, 0, 0
7, 0, 0, 0
8, 0, 0, 0
9, 0, 0, 0
10, 0, 0, 0
11, 0, 0, 0
12, 0, 0, 0
13, 0, 0, 0
14, 0, 0, 0
15, 0, 0, 0
16, 0, 0, 0
17, 0, 0, 0
18, 0, 0, 0
19, 0, 0, 0
20, 0, 0, 0
21, 0, 0, 0
22, 0, 0, 0
23, 0, 0, 0
24, 0, 0, 0
25, 0, 0, 0
26, 0, 0, 0
27, 0, 0, 0
28, 0, 0, 0
29, 0, 0, 0
30, 0, 0, 0
31, 0, 0, 0
32, 0, 0, 0
33, 0, 0, 0
34, 0, 0, 0
35, 0, 0, 0
36, 0, 0, 0
37, 0, 0, 0
38, 0, 0, 0
39, 0, 0, 0
40, 0, 0, 0
41, 0, 0, 0
42, 0, 0, 0
43, 0, 0, 0
44, 0, 0, 0
45, 0, 0, 0
46, 0, 0, 0
47, 0, 0, 0
48, 0, 0, 0
49, 0, 0, 0
50, 0, 0, 0
51, 0, 0, 0
52, 0, 0, 0
53, 0, 0, 0
54, 0, 0, 0
55, 0, 0, 0
56, 0, 0, 0
57, 0, 0, 0
58, 0, 0, 0
59, 0, 0, 0
60, 0, 0, 0
61, 0, 0, 0
62, 0, 0, 0
63, 0, 0, 0
64, 0, 0, 0
65, 0, 0, 0
66, 0, 0, 0
67, 0, 0, 0
68, 0, 0, 0
69, 0, 0, 0
70, 0, 0, 0
71, 0, 0, 0
72, 0, 0, 0
73, 0, 0, 0
74, 0, 0, 0
75, 0, 0, 0
76, 0, 0, 0
77, 0, 0, 0
78, 0, 0, 0
79, 0, 0, 0
80, 0, 0, 0
81, 0, 0, 0
82, 0, 0, 0
83, 0, 0, 0
84, 0, 0, 0
85, 0, 0, 0
86, 0, 0, 0
87, 0, 0, 0
88, 0, 0, 0
89, 0, 0, 0
90, 0, 0, 0
91, 0, 0, 0
92, 0, 0, 0
93, 0, 0, 0
94, 0, 0, 0
95, 0, 0, 0
96, 0, 0, 0
97, 0, 0, 0
98, 0, 0, 0
99, 0, 0, 0
100, 0, 0, 0
101, 0, 0, 0
102, 0, 0, 0
103, 0, 0, 0
104, 0, 0, 0
105, 0, 0, 0
106, 0, 0, 0
107, 0, 0, 0
108, 0, 0, 0
109, 0, 0, 0
110, 0, 0, 0
111, 0, 0, 0
112, 0, 0, 0
113, 0, 0, 0
114, 0, 0, 0
115, 0, 0, 0
116, 0, 0, 0
117, 0, 0, 0
118, 0, 0, 0
119, 0, 0, 0
120, 0, 0, 0
121, 0, 0, 0
122, 0, 0, 0
123, 0, 0, 0
124, 0, 0, 0
125, 0, 0, 0
126, 0, 0, 0
127, 0, 0, 0
128, 0, 0, 0
129, 0, 0, 0
130, 0, 0, 0
131, 0, 0, 0
132, 0, 0, 0
133, 0, 0, 0
134, 0, 0, 0
135, 0, 0, 0
136, 0, 0, 0
137, 0, 0, 0
138, 0, 0, 0
139, 0, 0, 0
140, 0, 0, 0
141, 0, 0, 0
142, 0, 0, 0
143, 0, 0, 0
144, 0, 0, 0
145, 0, 0, 0
146, 0, 0, 0
147, 0, 0, 0
148, 0, 0, 0
149, 0, 0, 0
150, 0, 0, 0
151, 0, 0, 0
152, 0, 0, 0
153, 0, 0, 0
154, 0, 0, 0
155, 0, 0, 0
156, 0, 0, 0
157, 0, 0, 0
158, 0, 0, 0
159, 0, 0, 0
160, 0, 0, 0
161, 0, 0, 0
162, 0, 0, 0
163, 0, 0, 0
164, 0, 0, 0
165, 0, 0, 0
166, 0, 0, 0
167, 0, 0, 0
168, 0, 0, 0
169, 0, 0, 0
170, 0, 0, 0
171, 0, 0, 0
172, 0, 0, 0
173, 0, 0, 0
174, 0, 0, 0
175, 0, 0, 0
176, 0, 0, 0
177, 0, 0, 0
178, 0, 0, 0
179, 0, 0, 0
180, 0, 0, 0
181, 0, 0, -7.67958e-005
182, 0, 0, -0.000153592
183, 0, 0, -0.000153592
184, 0, 0, -0.000153592
185, 0, 0, -0.000153592
186, 0, 0, -7.67958e-005
187, 0, 0, -0.000153592
188, 0, 0, -0.000307183
189, 0, 0, -0.000307184
190, 0, 0, -0.000307184
191, 0, 0, -0.000307184
192, 0, 0, -0.000153592
193, 0, 0, -0.000153592
194, 0, 0, -0.000307184
195, 0, 0, -0.000307184
196, 0, 0, -0.000307184
197, 0, 0, -0.000307184
198, 0, 0, -0.000153592
199, 0, 0, -0.000153592
200, 0, 0, -0.000307184
201, 0, 0, -0.000307184
202, 0, 0, -0.000307184
203, 0, 0, -0.000307184
204, 0, 0, -0.000153592
205, 0, 0, -0.000153592
206, 0, 0, -0.000307184
207, 0, 0, -0.000307184
208, 0, 0, -0.000307184
209, 0, 0, -0.000307184
210, 0, 0, -0.000153592
211, 0, 0, -7.67959e-005
212, 0, 0, -0.000153592
213, 0, 0, -0.000153592
214, 0, 0, -0.000153592
215, 0, 0, -0.000153592
216, 0, 0, -7.67959e-005
*Step  = 4
*Time  = 0.2524
*Data  = Rx;Ry;Rz
1, 0, 0, 0
2, 0, 0, 0
3, 0, 0, 0
4, 0, 0, 0
5, 0, 0, 0
6, 0, 0, 0
7, 0, 0, 0
8, 0, 0, 0
9, 0, 0, 0
10, 0, 0, 0
11, 0, 0, 0
12, 0, 0, 0
13, 0, 0, 0
14, 0, 0, 0
15, 0, 0, 0
16, 0, 0, 0
17, 0, 0, 0
18, 0, 0, 0
19, 0, 0, 0
20, 0, 0, 0
21, 0, 0, 0
22, 0, 0, 0
23, 0, 0, 0
24, 0, 0, 0
25, 0, 0, 0
26, 0, 0, 0
27, 0, 0, 0
28, 0, 0, 0
29, 0, 0, 0
30, 0, 0, 0
31, 0, 0, 0
32, 0, 0, 0
33, 0, 0, 0
34, 0, 0, 0
35, 0, 0, 0
36, 0, 0, 0
37, 0, 0, 0
38, 0, 0, 0
39, 0, 0, 0
40, 0, 0, 0
41, 0, 0, 0
42, 0, 0, 0
43, 0, 0, 0
44, 0, 0, 0
45, 0, 0, 0
46, 0, 0, 0
47, 0, 0, 0
48, 0, 0, 0
49, 0, 0, 0
50, 0, 0, 0
51, 0, 0, 0
52, 0, 0, 0
53, 0, 0, 0
54, 0, 0, 0
55, 0, 0, 0
56, 0, 0, 0
57, 0, 0, 0
58, 0, 0, 0
59, 0, 0, 0
60, 0, 0, 0
61, 0, 0, 0
62, 0, 0, 0
63, 0, 0, 0
64, 0, 0, 0
65, 0, 0, 0
66, 0, 0, 0
67, 0, 0, 0
68, 0, 0, 0
69, 0, 0, 0
70, 0, 0, 0
71, 0, 0, 0
72, 0, 0, 0
73, 0, 0, 0
74, 0, 0, 0
75, 0, 0, 0
76, 0, 0, 0
77, 0, 0, 0
78, 0, 0, 0
79, 0, 0, 0
80, 0, 0, 0
81, 0, 0, 0
82, 0, 0, 0
83, 0, 0, 0
84, 0, 0, 0
85, 0, 0, 0
86, 0, 0, 0
87, 0, 0, 0
88, 0, 0, 0
89, 0, 0, 0
90, 0, 0, 0
91, 0, 0, 0
92, 0, 0, 0
93, 0, 0, 0
94, 0, 0, 0
95, 0, 0, 0
96, 0, 0, 0
97, 0, 0, 0
98, 0, 0, 0
99, 0, 0, 0
100, 0, 0, 0
101, 0, 0, 0
102, 0, 0, 0
103, 0, 0, 0
104, 0, 0, 0
105, 0, 0, 0
106, 0, 0, 0
107, 0, 0, 0
108, 0, 0, 0
109, 0, 0, 0
110, 0, 0, 0
111, 0, 0, 0
112, 0, 0, 0
113, 0, 0, 0
114, 0, 0, 0
115, 0, 0, 0
116, 0, 0, 0
117, 0, 0, 0
118, 0, 0, 0
119, 0, 0, 0
120, 0, 0, 0
121, 0, 0, 0
122, 0, 0, 0
123, 0, 0, 0
124, 0, 0, 0
125, 0, 0, 0
126, 0, 0, 0
127, 0, 0, 0
128, 0, 0, 0
129, 0, 0, 0
130, 0, 0, 0
131, 0, 0, 0
132, 0, 0, 0
133, 0, 0, 0
134, 0, 0, 0
135, 0, 0, 0
136, 0, 0, 0
137, 0, 0, 0
138, 0, 0, 0
139, 0, 0, 0
140, 0, 0, 0
141, 0, 0, 0
142, 0, 0, 0
143, 0, 0, 0
144, 0, 0, 0
145, 0, 0, 0
146, 0, 0, 0
147, 0, 0, 0
148, 0, 0, 0
149, 0, 0, 0
150, 0, 0, 0
151, 0, 0, 0
152, 0, 0, 0
153, 0, 0, 0
154, 0, 0, 0
155, 0, 0, 0
156, 0, 0, 0
157, 0, 0, 0
158, 0, 0, 0
159, 0, 0, 0
160, 0, 0, 0
161, 0, 0, 0
162, 0, 0, 0
163, 0, 0, 0
164, 0, 0, 0
165, 0, 0, 0
166, 0, 0, 0
167, 0, 0, 0
168, 0, 0, 0
169, 0, 0, 0
170, 0, 0, 0
171, 0, 0, 0
172, 0, 0, 0
173, 0, 0, 0
174, 0, 0, 0
175, 0, 0, 0
176, 0, 0, 0
177, 0, 0, 0
178, 0, 0, 0
179, 0, 0, 0
180, 0, 0, 0
181, 0, 0, -0.000109561
182, 0, 0, -0.000219121
183, 0, 0, -0.000219121
184, 0, 0, -0.000219121
185, 0, 0, -0.000219121
186, 0, 0, -0.000109561
187, 0, 0, -0.000219121
188, 0, 0, -0.000438243
189, 0, 0, -0.000438243
190, 0, 0, -0.000438243
191, 0, 0, -0.000438243
192, 0, 0, -0.000219121
193, 0, 0, -0.000219121
194, 0, 0, -0.000438243
195, 0, 0, -0.000438243
196, 0, 0, -0.000438243
197, 0, 0, -0.000438243
198, 0, 0, -0.000219121
199, 0, 0, -0.000219121
200, 0, 0, -0.000438243
201, 0, 0, -0.000438243
202, 0, 0, -0.000438243
203, 0, 0, -0.000438243
204, 0, 0, -0.000219121
205, 0, 0, -0.000219121
206, 0, 0, -0.000438243
207, 0, 0, -0.000438243
208, 0, 0, -0.000438243
209, 0, 0, -0.000438243
210, 0, 0, -0.000219121
211, 0, 0, -0.000109561
212, 0, 0, -0.000219121
213, 0, 0, -0.000219121
214, 0, 0, -0.000219121
215, 0, 0, -0.000219121
216, 0, 0, -0.000109561
*Step  = 5
*Time  = 0.33192
*Data  = Rx;Ry;Rz
1, 0, 0, 0
2, 0, 0, 0
3, 0, 0, 0
4, 0, 0, 0
5, 0, 0, 0
6, 0, 0, 0
7, 0, 0, 0
8, 0, 0, 0
9, 0, 0, 0
10, 0, 0, 0
11, 0, 0, 0
12, 0, 0, 0
13, 0, 0, 0
14, 0, 0, 0
15, 0, 0, 0
16, 0, 0, 0
17, 0, 0, 0
18, 0, 0, 0
19, 0, 0, 0
20, 0, 0, 0
21, 0, 0, 0
22, 0, 0, 0
23, 0, 0, 0
24, 0, 0, 0
25, 0, 0, 0
26, 0, 0, 0
27, 0, 0, 0
28, 0, 0, 0
29, 0, 0, 0
30, 0, 0, 0
31, 0, 0, 0
32, 0, 0, 0
33, 0, 0, 0
34, 0, 0, 0
35, 0, 0, 0
36, 0, 0, 0
37, 0, 0, 0
38, 0, 0, 0
39, 0, 0, 0
40, 0, 0, 0
41, 0, 0, 0
42, 0, 0, 0
43, 0, 0, 0
44, 0, 0, 0
45, 0, 0, 0
46, 0, 0, 0
47, 0, 0, 0
48, 0, 0, 0
49, 0, 0, 0
50, 0, 0, 0
51, 0, 0, 0
52, 0, 0, 0
53, 0, 0, 0
54, 0, 0, 0
55, 0, 0, 0
56, 0, 0, 0
57, 0, 0, 0
58, 0, 0, 0
59, 0, 0, 0
60, 0, 0, 0
61, 0, 0, 0
62, 0, 0, 0
63, 0, 0, 0
64, 0, 0, 0
65, 0, 0, 0
66, 0, 0, 0
67, 0, 0, 0
68, 0, 0, 0
69, 0, 0, 0
70, 0, 0, 0
71, 0, 0, 0
72, 0, 0, 0
73, 0, 0, 0
74, 0, 0, 0
75, 0, 0, 0
76, 0, 0, 0
77, 0, 0, 0
78, 0, 0, 0
79, 0, 0, 0
80, 0, 0, 0
81, 0, 0, 0
82, 0, 0, 0
83, 0, 0, 0
84, 0, 0, 0
85, 0, 0, 0
86, 0, 0, 0
87, 0, 0, 0
88, 0, 0, 0
89, 0, 0, 0
90, 0, 0, 0
91, 0, 0, 0
92, 0, 0, 0
93, 0, 0, 0
94, 0, 0, 0
95, 0, 0, 0
96, 0, 0, 0
97, 0, 0, 0
98, 0, 0, 0
99, 0, 0, 0
100, 0, 0, 0
101, 0, 0, 0
102, 0, 0, 0
103, 0, 0, 0
104, 0, 0, 0
105, 0, 0, 0
106, 0, 0, 0
107, 0, 0, 0
108, 0, 0, 0
109, 0, 0, 0
110, 0, 0, 0
111, 0, 0, 0
112, 0, 0, 0
113, 0, 0, 0
114, 0, 0, 0
115, 0, 0, 0
116, 0, 0, 0
117, 0, 0, 0
118, 0, 0, 0
119, 0, 0, 0
120, 0, 0, 0
121, 0, 0, 0
122, 0, 0, 0
123, 0, 0, 0
124, 0, 0, 0
125, 0, 0, 0
126, 0, 0, 0
127, 0, 0, 0
128, 0, 0, 0
129, 0, 0, 0
130, 0, 0, 0
131, 0, 0, 0
132, 0, 0, 0
133, 0, 0, 0
134, 0, 0, 0
135, 0, 0, 0
136, 0, 0, 0
137, 0, 0, 0
138, 0, 0, 0
139, 0, 0, 0
140, 0, 0, 0
141, 0, 0, 0
142, 0, 0, 0
143, 0, 0, 0
144, 0, 0, 0
145, 0, 0, 0
146, 0, 0, 0
147, 0, 0, 0
148, 0, 0, 0
149, 0, 0, 0
150, 0, 0, 0
151, 0, 0, 0
152, 0, 0, 0
153, 0, 0, 0
154, 0, 0, 0
155, 0, 0, 0
156, 0, 0, 0
157, 0, 0, 0
158, 0, 0, 0
159, 0, 0, 0
160, 0, 0, 0
161, 0, 0, 0
162, 0, 0, 0
163, 0, 0, 0
164, 0, 0, 0
165, 0, 0, 0
166, 0, 0, 0
167, 0, 0, 0
168, 0, 0, 0
169, 0, 0, 0
170, 0, 0, 0
171, 0, 0, 0
172, 0, 0, 0
173, 0, 0, 0
174, 0, 0, 0
175, 0, 0, 0
176, 0, 0, 0
177, 0, 0, 0
178, 0, 0, 0
179, 0, 0, 0
180, 0, 0, 0
181, 0, 0, -0.000147361
182, 0, 0, -0.000294722
183, 0, 0, -0.000294723
184, 0, 0, -0.000294722
185, 0, 0, -0.000294721
186, 0, 0, -0.00014736
187, 0, 0, -0.000294722
188, 0, 0, -0.000589445
189, 0, 0, -0.000589446
190, 0, 0, -0.000589446
191, 0, 0, -0.000589444
192, 0, 0, -0.000294722
193, 0, 0, -0.000294723
194, 0, 0, -0.000589447
195, 0, 0, -0.000589447
196, 0, 0, -0.000589447
197, 0, 0, -0.000589447
198, 0, 0, -0.000294723
199, 0, 0, -0.000294724
200, 0, 0, -0.000589449
201, 0, 0, -0.000589448
202, 0, 0, -0.000589448
203, 0, 0, -0.000589448
204, 0, 0, -0.000294724
205, 0, 0, -0.000294726
206, 0, 0, -0.000589451
207, 0, 0, -0.00058945
208, 0, 0, -0.000589448
209, 0, 0, -0.000589447
210, 0, 0, -0.000294723
211, 0, 0, -0.000147363
212, 0, 0, -0.000294726
213, 0, 0, -0.000294725
214, 0, 0, -0.000294724
215, 0, 0, -0.000294723
216, 0, 0, -0.000147361
*Step  = 6
*Time  = 0.415536
*Data  = Rx;Ry;Rz
1, 0, 0, 0
2, 0, 0, 0
3, 0, 0, 0
4, 0, 0, 0
5, 0, 0, 0
6, 0, 0, 0
7, 0, 0, 0
8, 0, 0, 0
9, 0, 0, 0
10, 0, 0, 0
11, 0, 0, 0
12, 0, 0, 0
13, 0, 0, 0
14, 0, 0, 0
15, 0, 0, 0
16, 0, 0, 0
17, 0, 0, 0
18, 0, 0, 0
19, 0, 0, 0
20, 0, 0, 0
21, 0, 0, 0
22, 0, 0, 0
23, 0, 0, 0
24, 0, 0, 0
25, 0, 0, 0
26, 0, 0, 0
27, 0, 0, 0
28, 0, 0, 0
29, 0, 0, 0
30, 0, 0, 0
31, 0, 0, 0
32, 0, 0, 0
33, 0, 0, 0
34, 0, 0, 0
35, 0, 0, 0
36, 0, 0, 0
37, 0, 0, 0
38, 0, 0, 0
39, 0, 0, 0
40, 0, 0, 0
41, 0, 0, 0
42, 0, 0, 0
43, 0, 0, 0
44, 0, 0, 0
45, 0, 0, 0
46, 0, 0, 0
47, 0, 0, 0
48, 0, 0, 0
49, 0, 0, 0
50, 0, 0, 0
51, 0, 0, 0
52, 0, 0, 0
53, 0, 0, 0
54, 0, 0, 0
55, 0, 0, 0
56, 0, 0, 0
57, 0, 0, 0
58, 0, 0, 0
59, 0, 0, 0
60, 0, 0, 0
61, 0, 0, 0
62, 0, 0, 0
63, 0, 0, 0
64, 0, 0, 0
65, 0, 0, 0
66, 0, 0, 0
67, 0, 0, 0
68, 0, 0, 0
69, 0, 0, 0
70, 0, 0, 0
71, 0, 0, 0
72, 0, 0, 0
73, 0, 0, 0
74, 0, 0, 0
75, 0, 0, 0
76, 0, 0, 0
77, 0, 0, 0
78, 0, 0, 0
79, 0, 0, 0
80, 0, 0, 0
81, 0, 0, 0
82, 0, 0, 0
83, 0, 0, 0
84, 0, 0, 0
85, 0, 0, 0
86, 0, 0, 0
87, 0, 0, 0
88, 0, 0, 0
89, 0, 0, 0
90, 0, 0, 0
91, 0, 0, 0
92, 0, 0, 0
93, 0, 0, 0
94, 0, 0, 0
95, 0, 0, 0
96, 0, 0, 0
97, 0, 0, 0
98, 0, 0, 0
99, 0, 0, 0
100, 0, 0, 0
101, 0, 0, 0
102, 0, 0, 0
103, 0, 0, 0
104, 0, 0, 0
105, 0, 0, 0
106, 0, 0, 0
107, 0, 0, 0
108, 0, 0, 0
109, 0, 0, 0
110, 0, 0, 0
111, 0, 0, 0
112, 0, 0, 0
113, 0, 0, 0
114, 0, 0, 0
115, 0, 0, 0
116, 0, 0, 0
117, 0, 0, 0
118, 0, 0, 0
119, 0, 0, 0
120, 0, 0, 0
121, 0, 0, 0
122, 0, 0, 0
123, 0, 0, 0
124, 0, 0, 0
125, 0, 0, 0
126, 0, 0, 0
127, 0, 0, 0
128, 0, 0, 0
129, 0, 0, 0
130, 0, 0, 0
131, 0, 0, 0
132, 0, 0, 0
133, 0, 0, 0
134, 0, 0, 0
135, 0, 0, 0
136, 0, 0, 0
137, 0, 0, 0
138, 0, 0, 0
139, 0, 0, 0
140, 0, 0, 0
141, 0, 0, 0
142, 0, 0, 0
143, 0, 0, 0
144, 0, 0, 0
145, 0, 0, 0
146, 0, 0, 0
147, 0, 0, 0
148, 0, 0, 0
149, 0, 0, 0
150, 0, 0, 0
151, 0, 0, 0
152, 0, 0, 0
153, 0, 0, 0
154, 0, 0, 0
155, 0, 0, 0
156, 0, 0, 0
157, 0, 0, 0
158, 0, 0, 0
159, 0, 0, 0
160, 0, 0, 0
161, 0, 0, 0
162, 0, 0, 0
163, 0, 0, 0
164, 0, 0, 0
165, 0, 0, 0
166, 0, 0, 0
167, 0, 0, 0
168, 0, 0, 0
169, 0, 0, 0
170, 0, 0, 0
171, 0, 0, 0
172, 0, 0, 0
173, 0, 0, 0
174, 0, 0, 0
175, 0, 0, 0
176, 0, 0, 0
177, 0, 0, 0
178, 0, 0, 0
179, 0, 0, 0
180, 0, 0, 0
181, 0, 0, -0.000192368
182, 0, 0, -0.000384736
183, 0, 0, -0.000384736
184, 0, 0, -0.000384736
185, 0, 0, -0.000384736
186, 0, 0, -0.000192368
187, 0, 0, -0.000384736
188, 0, 0, -0.000769473
189, 0, 0, -0.000769473
190, 0, 0, -0.000769473
191, 0, 0, -0.000769473
192, 0, 0, -0.000384736
193, 0, 0, -0.000384736
194, 0, 0, -0.000769473
195, 0, 0, -0.000769473
196, 0, 0, -0.000769473
197, 0, 0, -0.000769473
198, 0, 0, -0.000384736
199, 0, 0, -0.000384736
200, 0, 0, -0.000769473
201, 0, 0, -0.000769473
202, 0, 0, -0.000769473
203, 0, 0, -0.000769473
204, 0, 0, -0.000384736
205, 0, 0, -0.000384736
206, 0, 0, -0.000769473
207, 0, 0, -0.000769473
208, 0, 0, -0.000769473
209, 0, 0, -0.000769473
210, 0, 0, -0.000384736
211, 0, 0, -0.000192368
212, 0, 0, -0.000384736
213, 0, 0, -0.000384736
214, 0, 0, -0.000384736
215, 0, 0, -0.000384736
216, 0, 0, -0.000192368
*Step  = 7
*Time  = 0.5024288
*Data  = Rx;Ry;Rz
1, 0, 0, 0
2, 0, 0, 0
3, 0, 0, 0
4, 0, 0, 0
5, 0, 0, 0
6, 0, 0, 0
7, 0, 0, 0
8, 0, 0, 0
9, 0, 0, 0
10, 0, 0, 0
11, 0, 0, 0
12, 0, 0, 0
13, 0, 0, 0
14, 0, 0, 0
15, 0, 0, 0
16, 0, 0, 0
17, 0, 0, 0
18, 0, 0, 0
19, 0, 0, 0
20, 0, 0, 0
21, 0, 0, 0
22, 0, 0, 0
23, 0, 0, 0
24, 0, 0, 0
25, 0, 0, 0
26, 0, 0, 0
27, 0, 0, 0
28, 0, 0, 0
29, 0, 0, 0
30, 0, 0, 0
31, 0, 0, 0
32, 0, 0, 0
33, 0, 0, 0
34, 0, 0, 0
35, 0, 0, 0
36, 0, 0, 0
37, 0, 0, 0
38, 0, 0, 0
39, 0, 0, 0
40, 0, 0, 0
41, 0, 0, 0
42, 0, 0, 0
43, 0, 0, 0
44, 0, 0, 0
45, 0, 0, 0
46, 0, 0, 0
47, 0, 0, 0
48, 0, 0, 0
49, 0, 0, 0
50, 0, 0, 0
51, 0, 0, 0
52, 0, 0, 0
53, 0, 0, 0
54, 0, 0, 0
55, 0, 0, 0
56, 0, 0, 0
57, 0, 0, 0
58, 0, 0, 0
59, 0, 0, 0
60, 0, 0, 0
61, 0, 0, 0
62, 0, 0, 0
63, 0, 0, 0
64, 0, 0, 0
65, 0, 0, 0
66, 0, 0, 0
67, 0, 0, 0
68, 0, 0, 0
69, 0, 0, 0
70, 0, 0, 0
71, 0, 0, 0
72, 0, 0, 0
73, 0, 0, 0
74, 0, 0, 0
75, 0, 0, 0
76, 0, 0, 0
77, 0, 0, 0
78, 0, 0, 0
79, 0, 0, 0
80, 0, 0, 0
81, 0, 0, 0
82, 0, 0, 0
83, 0, 0, 0
84, 0, 0, 0
85, 0, 0, 0
86, 0, 0, 0
87, 0, 0, 0
88, 0, 0, 0
89, 0, 0, 0
90, 0, 0, 0
91, 0, 0, 0
92, 0, 0, 0
93, 0, 0, 0
94, 0, 0, 0
95, 0, 0, 0
96, 0, 0, 0
97, 0, 0, 0
98, 0, 0, 0
99, 0, 0, 0
100, 0, 0, 0
101, 0, 0, 0
102, 0, 0, 0
103, 0, 0, 0
104, 0, 0, 0
105, 0, 0, 0
106, 0, 0, 0
107, 0, 0, 0
108, 0, 0, 0
109, 0, 0, 0
110, 0, 0, 0
111, 0, 0, 0
112, 0, 0, 0
113, 0, 0, 0
114, 0, 0, 0
115, 0, 0, 0
116, 0, 0, 0
117, 0, 0, 0
118, 0, 0, 0
119, 0, 0, 0
120, 0, 0, 0
121, 0, 0, 0
122, 0, 0, 0
123, 0, 0, 0
124, 0, 0, 0
125, 0, 0, 0
126, 0, 0, 0
127, 0, 0, 0
128, 0, 0, 0
129, 0, 0, 0
130, 0, 0, 0
131, 0, 0, 0
132, 0, 0, 0
133, 0, 0, 0
134, 0, 0, 0
135, 0, 0, 0
136, 0, 0, 0
137, 0, 0, 0
138, 0, 0, 0
139, 0, 0, 0
140, 0, 0, 0
141, 0, 0, 0
142, 0, 0, 0
143, 0, 0, 0
144, 0, 0, 0
145, 0, 0, 0
146, 0, 0, 0
147, 0, 0, 0
148, 0, 0, 0
149, 0, 0, 0
150, 0, 0, 0
151, 0, 0, 0
152, 0, 0, 0
153, 0, 0, 0
154, 0, 0, 0
155, 0, 0, 0
156, 0, 0, 0
157, 0, 0, 0
158, 0, 0, 0
159, 0, 0, 0
160, 0, 0, 0
161, 0, 0, 0
162, 0, 0, 0
163, 0, 0, 0
164, 0, 0, 0
165, 0, 0, 0
166, 0, 0, 0
167, 0, 0, 0
168, 0, 0, 0
169, 0, 0, 0
170, 0, 0, 0
171, 0, 0, 0
172, 0, 0, 0
173, 0, 0, 0
174, 0, 0, 0
175, 0, 0, 0
176, 0, 0, 0
177, 0, 0, 0
178, 0, 0, 0
179, 0, 0, 0
180, 0, 0, 0
181, 0, 0, -0.000247698
182, 0, 0, -0.000495396
183, 0, 0, -0.000495396
184, 0, 0, -0.000495396
185, 0, 0, -0.000495396
186, 0, 0, -0.000247698
187, 0, 0, -0.000495396
188, 0, 0, -0.000990792
189, 0, 0, -0.000990792
190, 0, 0, -0.000990792
191, 0, 0, -0.000990792
192, 0, 0, -0.000495396
193, 0, 0, -0.000495396
194, 0, 0, -0.000990792
195, 0, 0, -0.000990792
196, 0, 0, -0.000990792
197, 0, 0, -0.000990792
198, 0, 0, -0.000495396
199, 0, 0, -0.000495396
200, 0, 0, -0.000990792
201, 0, 0, -0.000990792
202, 0, 0, -0.000990792
203, 0, 0, -0.000990792
204, 0, 0, -0.000495396
205, 0, 0, -0.000495396
206, 0, 0, -0.000990792
207, 0, 0, -0.000990792
208, 0, 0, -0.000990792
209, 0, 0, -0.000990792
210, 0, 0, -0.000495396
211, 0, 0, -0.000247698
212, 0, 0, -0.000495396
213, 0, 0, -0.000495396
214, 0, 0, -0.000495396
215, 0, 0, -0.000495396
216, 0, 0, -0.000247698
*Step  = 8
*Time  = 0.59194304
*Data  = Rx;Ry;Rz
1, 0, 0, 0
2, 0, 0, 0
3, 0, 0, 0
4, 0, 0, 0
5, 0, 0, 0
6, 0, 0, 0
7, 0, 0, 0
8, 0, 0, 0
9, 0, 0, 0
10, 0, 0, 0
11, 0, 0, 0
12, 0, 0, 0
13, 0, 0, 0
14, 0, 0, 0
15, 0, 0, 0
16, 0, 0, 0
17, 0, 0, 0
18, 0, 0, 0
19, 0, 0, 0
20, 0, 0, 0
21, 0, 0, 0
22, 0, 0, 0
23, 0, 0, 0
24, 0, 0, 0
25, 0, 0, 0
26, 0, 0, 0
27, 0, 0, 0
28, 0, 0, 0
29, 0, 0, 0
30, 0, 0, 0
31, 0, 0, 0
32, 0, 0, 0
33, 0, 0, 0
34, 0, 0, 0
35, 0, 0, 0
36, 0, 0, 0
37, 0, 0, 0
38, 0, 0, 0
39, 0, 0, 0
40, 0, 0, 0
41, 0, 0, 0
42, 0, 0, 0
43, 0, 0, 0
44, 0, 0, 0
45, 0, 0, 0
46, 0, 0, 0
47, 0, 0, 0
48, 0, 0, 0
49, 0, 0, 0
50, 0, 0, 0
51, 0, 0, 0
52, 0, 0, 0
53, 0, 0, 0
54, 0, 0, 0
55, 0, 0, 0
56, 0, 0, 0
57, 0, 0, 0
58, 0, 0, 0
59, 0, 0, 0
60, 0, 0, 0
61, 0, 0, 0
62, 0, 0, 0
63, 0, 0, 0
64, 0, 0, 0
65, 0, 0, 0
66, 0, 0, 0
67, 0, 0, 0
68, 0, 0, 0
69, 0, 0, 0
70, 0, 0, 0
71, 0, 0, 0
72, 0, 0, 0
73, 0, 0, 0
74, 0, 0, 0
75, 0, 0, 0
76, 0, 0, 0
77, 0, 0, 0
78, 0, 0, 0
79, 0, 0, 0
80, 0, 0, 0
81, 0, 0, 0
82, 0, 0, 0
83, 0, 0, 0
84, 0, 0, 0
85, 0, 0, 0
86, 0, 0, 0
87, 0, 0, 0
88, 0, 0, 0
89, 0, 0, 0
90, 0, 0, 0
91, 0, 0, 0
92, 0, 0, 0
93, 0, 0, 0
94, 0, 0, 0
95, 0, 0, 0
96, 0, 0, 0
97, 0, 0, 0
98, 0, 0, 0
99, 0, 0, 0
100, 0, 0, 0
101, 0, 0, 0
102, 0, 0, 0
103, 0, 0, 0
104, 0, 0, 0
105, 0, 0, 0
106, 0, 0, 0
107, 0, 0, 0
108, 0, 0, 0
109, 0, 0, 0
110, 0, 0, 0
111, 0, 0, 0
112, 0, 0, 0
113, 0, 0, 0
114, 0, 0, 0
115, 0, 0, 0
116, 0, 0, 0
117, 0, 0, 0
118, 0, 0, 0
119, 0, 0, 0
120, 0, 0, 0
121, 0, 0, 0
122, 0, 0, 0
123, 0, 0, 0
124, 0, 0, 0
125, 0, 0, 0
126, 0, 0, 0
127, 0, 0, 0
128, 0, 0, 0
129, 0, 0, 0
130, 0, 0, 0
131, 0, 0, 0
132, 0, 0, 0
133, 0, 0, 0
134, 0, 0, 0
135, 0, 0, 0
136, 0, 0, 0
137, 0, 0, 0
138, 0, 0, 0
139, 0, 0, 0
140, 0, 0, 0
141, 0, 0, 0
142, 0, 0, 0
143, 0, 0, 0
144, 0, 0, 0
145, 0, 0, 0
146, 0, 0, 0
147, 0, 0, 0
148, 0, 0, 0
149, 0, 0, 0
150, 0, 0, 0
151, 0, 0, 0
152, 0, 0, 0
153, 0, 0, 0
154, 0, 0, 0
155, 0, 0, 0
156, 0, 0, 0
157, 0, 0, 0
158, 0, 0, 0
159, 0, 0, 0
160, 0, 0, 0
161, 0, 0, 0
162, 0, 0, 0
163, 0, 0, 0
164, 0, 0, 0
165, 0, 0, 0
166, 0, 0, 0
167, 0, 0, 0
168, 0, 0, 0
169, 0, 0, 0
170, 0, 0, 0
171, 0, 0, 0
172, 0, 0, 0
173, 0, 0, 0
174, 0, 0, 0
175, 0, 0, 0
176, 0, 0, 0
177, 0, 0, 0
178, 0, 0, 0
179, 0, 0, 0
180, 0, 0, 0
181, 0, 0, -0.000317769
182, 0, 0, -0.000635538
183, 0, 0, -0.000635538
184, 0, 0, -0.000635538
185, 0, 0, -0.000635538
186, 0, 0, -0.000317769
187, 0, 0, -0.000635538
188, 0, 0, -0.00127108
189, 0, 0, -0.00127108
190, 0, 0, -0.00127108
191, 0, 0, -0.00127108
192, 0, 0, -0.000635538
193, 0, 0, -0.000635538
194, 0, 0, -0.00127108
195, 0, 0, -0.00127108
196, 0, 0, -0.00127108
197, 0, 0, -0.00127108
198, 0, 0, -0.000635538
199, 0, 0, -0.000635538
200, 0, 0, -0.00127108
201, 0, 0, -0.00127108
202, 0, 0, -0.00127108
203, 0, 0, -0.00127108
204, 0, 0, -0.000635538
205, 0, 0, -0.000635538
206, 0, 0, -0.00127108
207, 0, 0, -0.00127108
208, 0, 0, -0.00127108
209, 0, 0, -0.00127108
210, 0, 0, -0.000635538
211, 0, 0, -0.000317769
212, 0, 0, -0.000635538
213, 0, 0, -0.000635538
214, 0, 0, -0.000635538
215, 0, 0, -0.000635538
216, 0, 0, -0.000317769
*Step  = 9
*Time  = 0.683554432
*Data  = Rx;Ry;Rz
1, 0, 0, 0
2, 0, 0, 0
3, 0, 0, 0
4, 0, 0, 0
5, 0, 0, 0
6, 0, 0, 0
7, 0, 0, 0
8, 0, 0, 0
9, 0, 0, 0
10, 0, 0, 0
11, 0, 0, 0
12, 0, 0, 0
13, 0, 0, 0
14, 0, 0, 0
15, 0, 0, 0
16, 0, 0, 0
17, 0, 0, 0
18, 0, 0, 0
19, 0, 0, 0
20, 0, 0, 0
21, 0, 0, 0
22, 0, 0, 0
23, 0, 0, 0
24, 0, 0, 0
25, 0, 0, 0
26, 0, 0, 0
27, 0, 0, 0
28, 0, 0, 0
29, 0, 0, 0
30, 0, 0, 0
31, 0, 0, 0
32, 0, 0, 0
33, 0, 0, 0
34, 0, 0, 0
35, 0, 0, 0
36, 0, 0, 0
37, 0, 0, 0
38, 0, 0, 0
39, 0, 0, 0
40, 0, 0, 0
41, 0, 0, 0
42, 0, 0, 0
43, 0, 0, 0
44, 0, 0, 0
45, 0, 0, 0
46, 0, 0, 0
47, 0, 0, 0
48, 0, 0, 0
49, 0, 0, 0
50, 0, 0, 0
51, 0, 0, 0
52, 0, 0, 0
53, 0, 0, 0
54, 0, 0, 0
55, 0, 0, 0
56, 0, 0, 0
57, 0, 0, 0
58, 0, 0, 0
59, 0, 0, 0
60, 0, 0, 0
61, 0, 0, 0
62, 0, 0, 0
63, 0, 0, 0
64, 0, 0, 0
65, 0, 0, 0
66, 0, 0, 0
67, 0, 0, 0
68, 0, 0, 0
69, 0, 0, 0
70, 0, 0, 0
71, 0, 0, 0
72, 0, 0, 0
73, 0, 0, 0
74, 0, 0, 0
75, 0, 0, 0
76, 0, 0, 0
77, 0, 0, 0
78, 0, 0, 0
79, 0, 0, 0
80, 0, 0, 0
81, 0, 0, 0
82, 0, 0, 0
83, 0, 0, 0
84, 0, 0, 0
85, 0, 0, 0
86, 0, 0, 0
87, 0, 0, 0
88, 0, 0, 0
89, 0, 0, 0
90, 0, 0, 0
91, 0, 0, 0
92, 0, 0, 0
93, 0, 0, 0
94, 0, 0, 0
95, 0, 0, 0
96, 0, 0, 0
97, 0, 0, 0
98, 0, 0, 0
99, 0, 0, 0
100, 0, 0, 0
101, 0, 0, 0
102, 0, 0, 0
103, 0, 0, 0
104, 0, 0, 0
105, 0, 0, 0
106, 0, 0, 0
107, 0, 0, 0
108, 0, 0, 0
109, 0, 0, 0
110, 0, 0, 0
111, 0, 0, 0
112, 0, 0, 0
113, 0, 0, 0
114, 0, 0, 0
115, 0, 0, 0
116, 0, 0, 0
117, 0, 0, 0
118, 0, 0, 0
119, 0, 0, 0
120, 0, 0, 0
121, 0, 0, 0
122, 0, 0, 0
123, 0, 0, 0
124, 0, 0, 0
125, 0, 0, 0
126, 0, 0, 0
127, 0, 0, 0
128, 0, 0, 0
129, 0, 0, 0
130, 0, 0, 0
131, 0, 0, 0
132, 0, 0, 0
133, 0, 0, 0
134, 0, 0, 0
135, 0, 0, 0
136, 0, 0, 0
137, 0, 0, 0
138, 0, 0, 0
139, 0, 0, 0
140, 0, 0, 0
141, 0, 0, 0
142, 0, 0, 0
143, 0, 0, 0
144, 0, 0, 0
145, 0, 0, 0
146, 0, 0, 0
147, 0, 0, 0
148, 0, 0, 0
149, 0, 0, 0
150, 0, 0, 0
151, 0, 0, 0
152, 0, 0, 0
153, 0, 0, 0
154, 0, 0, 0
155, 0, 0, 0
156, 0, 0, 0
157, 0, 0, 0
158, 0, 0, 0
159, 0, 0, 0
160, 0, 0, 0
161, 0, 0, 0
162, 0, 0, 0
163, 0, 0, 0
164, 0, 0, 0
165, 0, 0, 0
166, 0, 0, 0
167, 0, 0, 0
168, 0, 0, 0
169, 0, 0, 0
170, 0, 0, 0
171, 0, 0, 0
172, 0, 0, 0
173, 0, 0, 0
174, 0, 0, 0
175, 0, 0, 0
176, 0, 0, 0
177, 0, 0, 0
178, 0, 0, 0
179, 0, 0, 0
180, 0, 0, 0
181, 0, 0, -0.000408758
182, 0, 0, -0.000817515
183, 0, 0, -0.000817515
184, 0, 0, -0.000817515
185, 0, 0, -0.000817515
186, 0, 0, -0.000408758
187, 0, 0, -0.000817515
188, 0, 0, -0.00163503
189, 0, 0, -0.00163503
190, 0, 0, -0.00163503
191, 0, 0, -0.00163503
192, 0, 0, -0.000817515
193, 0, 0, -0.000817515
194, 0, 0, -0.00163503
195, 0, 0, -0.00163503
196, 0, 0, -0.00163503
197, 0, 0, -0.00163503
198, 0, 0, -0.000817515
199, 0, 0, -0.000817515
200, 0, 0, -0.00163503
201, 0, 0, -0.00163503
202, 0, 0, -0.00163503
203, 0, 0, -0.00163503
204, 0, 0, -0.000817515
205, 0, 0, -0.000817515
206, 0, 0, -0.00163503
207, 0, 0, -0.00163503
208, 0, 0, -0.00163503
209, 0, 0, -0.00163503
210, 0, 0, -0.000817515
211, 0, 0, -0.000408758
212, 0, 0, -0.000817515
213, 0, 0, -0.000817515
214, 0, 0, -0.000817515
215, 0, 0, -0.000817515
216, 0, 0, -0.000408758
*Step  = 10
*Time  = 0.776843546
*Data  = Rx;Ry;Rz
1, 0, 0, 0
2, 0, 0, 0
3, 0, 0, 0
4, 0, 0, 0
5, 0, 0, 0
6, 0, 0, 0
7, 0, 0, 0
8, 0, 0, 0
9, 0, 0, 0
10, 0, 0, 0
11, 0, 0, 0
12, 0, 0, 0
13, 0, 0, 0
14, 0, 0, 0
15, 0, 0, 0
16, 0, 0, 0
17, 0, 0, 0
18, 0, 0, 0
19, 0, 0, 0
20, 0, 0, 0
21, 0, 0, 0
22, 0, 0, 0
23, 0, 0, 0
24, 0, 0, 0
25, 0, 0, 0
26, 0, 0, 0
27, 0, 0, 0
28, 0, 0, 0
29, 0, 0, 0
30, 0, 0, 0
31, 0, 0, 0
32, 0, 0, 0
33, 0, 0, 0
34, 0, 0, 0
35, 0, 0, 0
36, 0, 0, 0
37, 0, 0, 0
38, 0, 0, 0
39, 0, 0, 0
40, 0, 0, 0
41, 0, 0, 0
42, 0, 0, 0
43, 0, 0, 0
44, 0, 0, 0
45, 0, 0, 0
46, 0, 0, 0
47, 0, 0, 0
48, 0, 0, 0
49, 0, 0, 0
50, 0, 0, 0
51, 0, 0, 0
52, 0, 0, 0
53, 0, 0, 0
54, 0, 0, 0
55, 0, 0, 0
56, 0, 0, 0
57, 0, 0, 0
58, 0, 0, 0
59, 0, 0, 0
60, 0, 0, 0
61, 0, 0, 0
62, 0, 0, 0
63, 0, 0, 0
64, 0, 0, 0
65, 0, 0, 0
66, 0, 0, 0
67, 0, 0, 0
68, 0, 0, 0
69, 0, 0, 0
70, 0, 0, 0
71, 0, 0, 0
72, 0, 0, 0
73, 0, 0, 0
74, 0, 0, 0
75, 0, 0, 0
76, 0, 0, 0
77, 0, 0, 0
78, 0, 0, 0
79, 0, 0, 0
80, 0, 0, 0
81, 0, 0, 0
82, 0, 0, 0
83, 0, 0, 0
84, 0, 0, 0
85, 0, 0, 0
86, 0, 0, 0
87, 0, 0, 0
88, 0, 0, 0
89, 0, 0, 0
90, 0, 0, 0
91, 0, 0, 0
92, 0, 0, 0
93, 0, 0, 0
94, 0, 0, 0
95, 0, 0, 0
96, 0, 0, 0
97, 0, 0, 0
98, 0, 0, 0
99, 0, 0, 0
100, 0, 0, 0
101, 0, 0, 0
102, 0, 0, 0
103, 0, 0, 0
104, 0, 0, 0
105, 0, 0, 0
106, 0, 0, 0
107, 0, 0, 0
108, 0, 0, 0
109, 0, 0, 0
110, 0, 0, 0
111, 0, 0, 0
112, 0, 0, 0
113, 0, 0, 0
114, 0, 0, 0
115, 0, 0, 0
116, 0, 0, 0
117, 0, 0, 0
118, 0, 0, 0
119, 0, 0, 0
120, 0, 0, 0
121, 0, 0, 0
122, 0, 0, 0
123, 0, 0, 0
124, 0, 0, 0
125, 0, 0, 0
126, 0, 0, 0
127, 0, 0, 0
128, 0, 0, 0
129, 0, 0, 0
130, 0, 0, 0
131, 0, 0, 0
132, 0, 0, 0
133, 0, 0, 0
134, 0, 0, 0
135, 0, 0, 0
136, 0, 0, 0
137, 0, 0, 0
138, 0, 0, 0
139, 0, 0, 0
140, 0, 0, 0
141, 0, 0, 0
142, 0, 0, 0
143, 0, 0, 0
144, 0, 0, 0
145, 0, 0, 0
146, 0, 0, 0
147, 0, 0, 0
148, 0, 0, 0
149, 0, 0, 0
150, 0, 0, 0
151, 0, 0, 0
152, 0, 0, 0
153, 0, 0, 0
154, 0, 0, 0
155, 0, 0, 0
156, 0, 0, 0
157, 0, 0, 0
158, 0, 0, 0
159, 0, 0, 0
160, 0, 0, 0
161, 0, 0, 0
162, 0, 0, 0
163, 0, 0, 0
164, 0, 0, 0
165, 0, 0, 0
166, 0, 0, 0
167, 0, 0, 0
168, 0, 0, 0
169, 0, 0, 0
170, 0, 0, 0
171, 0, 0, 0
172, 0, 0, 0
173, 0, 0, 0
174, 0, 0, 0
175, 0, 0, 0
176, 0, 0, 0
177, 0, 0, 0
178, 0, 0, 0
179, 0, 0, 0
180, 0, 0, 0
181, 0, 0, -0.000529399
182, 0, 0, -0.0010588
183, 0, 0, -0.0010588
184, 0, 0, -0.0010588
185, 0, 0, -0.0010588
186, 0, 0, -0.000529399
187, 0, 0, -0.0010588
188, 0, 0, -0.0021176
189, 0, 0, -0.0021176
190, 0, 0, -0.0021176
191, 0, 0, -0.0021176
192, 0, 0, -0.0010588
193, 0, 0, -0.0010588
194, 0, 0, -0.0021176
195, 0, 0, -0.0021176
196, 0, 0, -0.0021176
197, 0, 0, -0.0021176
198, 0, 0, -0.0010588
199, 0, 0, -0.0010588
200, 0, 0, -0.0021176
201, 0, 0, -0.0021176
202, 0, 0, -0.0021176
203, 0, 0, -0.0021176
204, 0, 0, -0.0010588
205, 0, 0, -0.0010588
206, 0, 0, -0.0021176
207, 0, 0, -0.0021176
208, 0, 0, -0.0021176
209, 0, 0, -0.0021176
210, 0, 0, -0.0010588
211, 0, 0, -0.000529399
212, 0, 0, -0.0010588
213, 0, 0, -0.0010588
214, 0, 0, -0.0010588
215, 0, 0, -0.0010588
216, 0, 0, -0.000529399
*Step  = 11
*Time  = 0.871474836
*Data  = Rx;Ry;Rz
1, 0, 0, 0
2, 0, 0, 0
3, 0, 0, 0
4, 0, 0, 0
5, 0, 0, 0
6, 0, 0, 0
7, 0, 0, 0
8, 0, 0, 0
9, 0, 0, 0
10, 0, 0, 0
11, 0, 0, 0
12, 0, 0, 0
13, 0, 0, 0
14, 0, 0, 0
15, 0, 0, 0
16, 0, 0, 0
17, 0, 0, 0
18, 0, 0, 0
19, 0, 0, 0
20, 0, 0, 0
21, 0, 0, 0
22, 0, 0, 0
23, 0, 0, 0
24, 0, 0, 0
25, 0, 0, 0
26, 0, 0, 0
27, 0, 0, 0
28, 0, 0, 0
29, 0, 0, 0
30, 0, 0, 0
31, 0, 0, 0
32, 0, 0, 0
33, 0, 0, 0
34, 0, 0, 0
35, 0, 0, 0
36, 0, 0, 0
37, 0, 0, 0
38, 0, 0, 0
39, 0, 0, 0
40, 0, 0, 0
41, 0, 0, 0
42, 0, 0, 0
43, 0, 0, 0
44, 0, 0, 0
45, 0, 0, 0
46, 0, 0, 0
47, 0, 0, 0
48, 0, 0, 0
49, 0, 0, 0
50, 0, 0, 0
51, 0, 0, 0
52, 0, 0, 0
53, 0, 0, 0
54, 0, 0, 0
55, 0, 0, 0
56, 0, 0, 0
57, 0, 0, 0
58, 0, 0, 0
59, 0, 0, 0
60, 0, 0, 0
61, 0, 0, 0
62, 0, 0, 0
63, 0, 0, 0
64, 0, 0, 0
65, 0, 0, 0
66, 0, 0, 0
67, 0, 0, 0
68, 0, 0, 0
69, 0, 0, 0
70, 0, 0, 0
71, 0, 0, 0
72, 0, 0, 0
73, 0, 0, 0
74, 0, 0, 0
75, 0, 0, 0
76, 0, 0, 0
77, 0, 0, 0
78, 0, 0, 0
79, 0, 0, 0
80, 0, 0, 0
81, 0, 0, 0
82, 0, 0, 0
83, 0, 0, 0
84, 0, 0, 0
85, 0, 0, 0
86, 0, 0, 0
87, 0, 0, 0
88, 0, 0, 0
89, 0, 0, 0
90, 0, 0, 0
91, 0, 0, 0
92, 0, 0, 0
93, 0, 0, 0
94, 0, 0, 0
95, 0, 0, 0
96, 0, 0, 0
97, 0, 0, 0
98, 0, 0, 0
99, 0, 0, 0
100, 0, 0, 0
101, 0, 0, 0
102, 0, 0, 0
103, 0, 0, 0
104, 0, 0, 0
105, 0, 0, 0
106, 0, 0, 0
107, 0, 0, 0
108, 0, 0, 0
109, 0, 0, 0
110, 0, 0, 0
111, 0, 0, 0
112, 0, 0, 0
113, 0, 0, 0
114, 0, 0, 0
115, 0, 0, 0
116, 0, 0, 0
117, 0, 0, 0
118, 0, 0, 0
119, 0, 0, 0
120, 0, 0, 0
121, 0, 0, 0
122, 0, 0, 0
123, 0, 0, 0
124, 0, 0, 0
125, 0, 0, 0
126, 0, 0, 0
127, 0, 0, 0
128, 0, 0, 0
129, 0, 0, 0
130, 0, 0, 0
131, 0, 0, 0
132, 0, 0, 0
133, 0, 0, 0
134, 0, 0, 0
135, 0, 0, 0
136, 0, 0, 0
137, 0, 0, 0
138, 0, 0, 0
139, 0, 0, 0
140, 0, 0, 0
141, 0, 0, 0
142, 0, 0, 0
143, 0, 0, 0
144, 0, 0, 0
145, 0, 0, 0
146, 0, 0, 0
147, 0, 0, 0
148, 0, 0, 0
149, 0, 0, 0
150, 0, 0, 0
151, 0, 0, 0
152, 0, 0, 0
153, 0, 0, 0
154, 0, 0, 0
155, 0, 0, 0
156, 0, 0, 0
157, 0, 0, 0
158, 0, 0, 0
159, 0, 0, 0
160, 0, 0, 0
161, 0, 0, 0
162, 0, 0, 0
163, 0, 0, 0
164, 0, 0, 0
165, 0, 0, 0
166, 0, 0, 0
167, 0, 0, 0
168, 0, 0, 0
169, 0, 0, 0
170, 0, 0, 0
171, 0, 0, 0
172, 0, 0, 0
173, 0, 0, 0
174, 0, 0, 0
175, 0, 0, 0
176, 0, 0, 0
177, 0, 0, 0
178, 0, 0, 0
179, 0, 0, 0
180, 0, 0, 0
181, 0, 0, -0.000692253
182, 0, 0, -0.00138451
183, 0, 0, -0.00138451
184, 0, 0, -0.00138451
185, 0, 0, -0.00138451
186, 0, 0, -0.000692253
187, 0, 0, -0.00138451
188, 0, 0, -0.00276901
189, 0, 0, -0.00276901
190, 0, 0, -0.00276901
191, 0, 0, -0.00276901
192, 0, 0, -0.00138451
193, 0, 0, -0.00138451
194, 0, 0, -0.00276901
195, 0, 0, -0.00276901
196, 0, 0, -0.00276901
197, 0, 0, -0.00276901
198, 0, 0, -0.00138451
199, 0, 0, -0.00138451
200, 0, 0, -0.00276901
201, 0, 0, -0.00276901
202, 0, 0, -0.00276901
203, 0, 0, -0.00276901
204, 0, 0, -0.00138451
205, 0, 0, -0.00138451
206, 0, 0, -0.00276901
207, 0, 0, -0.00276901
208, 0, 0, -0.00276901
209, 0, 0, -0.00276901
210, 0, 0, -0.00138451
211, 0, 0, -0.000692253
212, 0, 0, -0.00138451
213, 0, 0, -0.00138451
214, 0, 0, -0.00138451
215, 0, 0, -0.00138451
216, 0, 0, -0.000692253
*Step  = 12
*Time  = 0.967179869
*Data  = Rx;Ry;Rz
1, 0, 0, 0
2, 0, 0, 0
3, 0, 0, 0
4, 0, 0, 0
5, 0, 0, 0
6, 0, 0, 0
7, 0, 0, 0
8, 0, 0, 0
9, 0, 0, 0
10, 0, 0, 0
11, 0, 0, 0
12, 0, 0, 0
13, 0, 0, 0
14, 0, 0, 0
15, 0, 0, 0
16, 0, 0, 0
17, 0, 0, 0
18, 0, 0, 0
19, 0, 0, 0
20, 0, 0, 0
21, 0, 0, 0
22, 0, 0, 0
23, 0, 0, 0
24, 0, 0, 0
25, 0, 0, 0
26, 0, 0, 0
27, 0, 0, 0
28, 0, 0, 0
29, 0, 0, 0
30, 0, 0, 0
31, 0, 0, 0
32, 0, 0, 0
33, 0, 0, 0
34, 0, 0, 0
35, 0, 0, 0
36, 0, 0, 0
37, 0, 0, 0
38, 0, 0, 0
39, 0, 0, 0
40, 0, 0, 0
41, 0, 0, 0
42, 0, 0, 0
43, 0, 0, 0
44, 0, 0, 0
45, 0, 0, 0
46, 0, 0, 0
47, 0, 0, 0
48, 0, 0, 0
49, 0, 0, 0
50, 0, 0, 0
51, 0, 0, 0
52, 0, 0, 0
53, 0, 0, 0
54, 0, 0, 0
55, 0, 0, 0
56, 0, 0, 0
57, 0, 0, 0
58, 0, 0, 0
59, 0, 0, 0
60, 0, 0, 0
61, 0, 0, 0
62, 0, 0, 0
63, 0, 0, 0
64, 0, 0, 0
65, 0, 0, 0
66, 0, 0, 0
67, 0, 0, 0
68, 0, 0, 0
69, 0, 0, 0
70, 0, 0, 0
71, 0, 0, 0
72, 0, 0, 0
73, 0, 0, 0
74, 0, 0, 0
75, 0, 0, 0
76, 0, 0, 0
77, 0, 0, 0
78, 0, 0, 0
79, 0, 0, 0
80, 0, 0, 0
81, 0, 0, 0
82, 0, 0, 0
83, 0, 0, 0
84, 0, 0, 0
85, 0, 0, 0
86, 0, 0, 0
87, 0, 0, 0
88, 0, 0, 0
89, 0, 0, 0
90, 0, 0, 0
91, 0, 0, 0
92, 0, 0, 0
93, 0, 0, 0
94, 0, 0, 0
95, 0, 0, 0
96, 0, 0, 0
97, 0, 0, 0
98, 0, 0, 0
99, 0, 0, 0
100, 0, 0, 0
101, 0, 0, 0
102, 0, 0, 0
103, 0, 0, 0
104, 0, 0, 0
105, 0, 0, 0
106, 0, 0, 0
107, 0, 0, 0
108, 0, 0, 0
109, 0, 0, 0
110, 0, 0, 0
111, 0, 0, 0
112, 0, 0, 0
113, 0, 0, 0
114, 0, 0, 0
115, 0, 0, 0
116, 0, 0, 0
117, 0, 0, 0
118, 0, 0, 0
119, 0, 0, 0
120, 0, 0, 0
121, 0, 0, 0
122, 0, 0, 0
123, 0, 0, 0
124, 0, 0, 0
125, 0, 0, 0
126, 0, 0, 0
127, 0, 0, 0
128, 0, 0, 0
129, 0, 0, 0
130, 0, 0, 0
131, 0, 0, 0
132, 0, 0, 0
133, 0, 0, 0
134, 0, 0, 0
135, 0, 0, 0
136, 0, 0, 0
137, 0, 0, 0
138, 0, 0, 0
139, 0, 0, 0
140, 0, 0, 0
141, 0, 0, 0
142, 0, 0, 0
143, 0, 0, 0
144, 0, 0, 0
145, 0, 0, 0
146, 0, 0, 0
147, 0, 0, 0
148, 0, 0, 0
149, 0, 0, 0
150, 0, 0, 0
151, 0, 0, 0
152, 0, 0, 0
153, 0, 0, 0
154, 0, 0, 0
155, 0, 0, 0
156, 0, 0, 0
157, 0, 0, 0
158, 0, 0, 0
159, 0, 0, 0
160, 0, 0, 0
161, 0, 0, 0
162, 0, 0, 0
163, 0, 0, 0
164, 0, 0, 0
165, 0, 0, 0
166, 0, 0, 0
167, 0, 0, 0
168, 0, 0, 0
169, 0, 0, 0
170, 0, 0, 0
171, 0, 0, 0
172, 0, 0, 0
173, 0, 0, 0
174, 0, 0, 0
175, 0, 0, 0
176, 0, 0, 0
177, 0, 0, 0
178, 0, 0, 0
179, 0, 0, 0
180, 0, 0, 0
181, 0, 0, -0.000915705
182, 0, 0, -0.00183141
183, 0, 0, -0.00183141
184, 0, 0, -0.00183141
185, 0, 0, -0.00183141
186, 0, 0, -0.000915705
187, 0, 0, -0.00183141
188, 0, 0, -0.00366282
189, 0, 0, -0.00366282
190, 0, 0, -0.00366282
191, 0, 0, -0.00366282
192, 0, 0, -0.00183141
193, 0, 0, -0.00183141
194, 0, 0, -0.00366282
195, 0, 0, -0.00366282
196, 0, 0, -0.00366282
197, 0, 0, -0.00366282
198, 0, 0, -0.00183141
199, 0, 0, -0.00183141
200, 0, 0, -0.00366282
201, 0, 0, -0.00366282
202, 0, 0, -0.00366282
203, 0, 0, -0.00366282
204, 0, 0, -0.00183141
205, 0, 0, -0.00183141
206, 0, 0, -0.00366282
207, 0, 0, -0.00366282
208, 0, 0, -0.00366282
209, 0, 0, -0.00366282
210, 0, 0, -0.00183141
211, 0, 0, -0.000915705
212, 0, 0, -0.00183141
213, 0, 0, -0.00183141
214, 0, 0, -0.00183141
215, 0, 0, -0.00183141
216, 0, 0, -0.000915705
*Step  = 13
*Time  = 1
*Data  = Rx;Ry;Rz
1, 0, 0, 0
2, 0, 0, 0
3, 0, 0, 0
4, 0, 0, 0
5, 0, 0, 0
6, 0, 0, 0
7, 0, 0, 0
8, 0, 0, 0
9, 0, 0, 0
10, 0, 0, 0
11, 0, 0, 0
12, 0, 0, 0
13, 0, 0, 0
14, 0, 0, 0
15, 0, 0, 0
16, 0, 0, 0
17, 0, 0, 0
18, 0, 0, 0
19, 0, 0, 0
20, 0, 0, 0
21, 0, 0, 0
22, 0, 0, 0
23, 0, 0, 0
24, 0, 0, 0
25, 0, 0, 0
26, 0, 0, 0
27, 0, 0, 0
28, 0, 0, 0
29, 0, 0, 0
30, 0, 0, 0
31, 0, 0, 0
32, 0, 0, 0
33, 0, 0, 0
34, 0, 0, 0
35, 0, 0, 0
36, 0, 0, 0
37, 0, 0, 0
38, 0, 0, 0
39, 0, 0, 0
40, 0, 0, 0
41, 0, 0, 0
42, 0, 0, 0
43, 0, 0, 0
44, 0, 0, 0
45, 0, 0, 0
46, 0, 0, 0
47, 0, 0, 0
48, 0, 0, 0
49, 0, 0, 0
50, 0, 0, 0
51, 0, 0, 0
52, 0, 0, 0
53, 0, 0, 0
54, 0, 0, 0
55, 0, 0, 0
56, 0, 0, 0
57, 0, 0, 0
58, 0, 0, 0
59, 0, 0, 0
60, 0, 0, 0
61, 0, 0, 0
62, 0, 0, 0
63, 0, 0, 0
64, 0, 0, 0
65, 0, 0, 0
66, 0, 0, 0
67, 0, 0, 0
68, 0, 0, 0
69, 0, 0, 0
70, 0, 0, 0
71, 0, 0, 0
72, 0, 0, 0
73, 0, 0, 0
74, 0, 0, 0
75, 0, 0, 0
76, 0, 0, 0
77, 0, 0, 0
78, 0, 0, 0
79, 0, 0, 0
80, 0, 0, 0
81, 0, 0, 0
82, 0, 0, 0
83, 0, 0, 0
84, 0, 0, 0
85, 0, 0, 0
86, 0, 0, 0
87, 0, 0, 0
88, 0, 0, 0
89, 0, 0, 0
90, 0, 0, 0
91, 0, 0, 0
92, 0, 0, 0
93, 0, 0, 0
94, 0, 0, 0
95, 0, 0, 0
96, 0, 0, 0
97, 0, 0, 0
98, 0, 0, 0
99, 0, 0, 0
100, 0, 0, 0
101, 0, 0, 0
102, 0, 0, 0
103, 0, 0, 0
104, 0, 0, 0
105, 0, 0, 0
106, 0, 0, 0
107, 0, 0, 0
108, 0, 0, 0
109, 0, 0, 0
110, 0, 0, 0
111, 0, 0, 0
112, 0, 0, 0
113, 0, 0, 0
114, 0, 0, 0
115, 0, 0, 0
116, 0, 0, 0
117, 0, 0, 0
118, 0, 0, 0
119, 0, 0, 0
120, 0, 0, 0
121, 0, 0, 0
122, 0, 0, 0
123, 0, 0, 0
124, 0, 0, 0
125, 0, 0, 0
126, 0, 0, 0
127, 0, 0, 0
128, 0, 0, 0
129, 0, 0, 0
130, 0, 0, 0
131, 0, 0, 0
132, 0, 0, 0
133, 0, 0, 0
134, 0, 0, 0
135, 0, 0, 0
136, 0, 0, 0
137, 0, 0, 0
138, 0, 0, 0
139, 0, 0, 0
140, 0, 0, 0
141, 0, 0, 0
142, 0, 0, 0
143, 0, 0, 0
144, 0, 0, 0
145, 0, 0, 0
146, 0, 0, 0
147, 0, 0, 0
148, 0, 0, 0
149, 0, 0, 0
150, 0, 0, 0
151, 0, 0, 0
152, 0, 0, 0
153, 0, 0, 0
154, 0, 0, 0
155, 0, 0, 0
156, 0, 0, 0
157, 0, 0, 0
158, 0, 0, 0
159, 0, 0, 0
160, 0, 0, 0
161, 0, 0, 0
162, 0, 0, 0
163, 0, 0, 0
164, 0, 0, 0
165, 0, 0, 0
166, 0, 0, 0
167, 0, 0, 0
168, 0, 0, 0
169, 0, 0, 0
170, 0, 0, 0
171, 0, 0, 0
172, 0, 0, 0
173, 0, 0, 0
174, 0, 0, 0
175, 0, 0, 0
176, 0, 0, 0
177, 0, 0, 0
178, 0, 0, 0
179, 0, 0, 0
180, 0, 0, 0
181, 0, 0, -0.00101023
182, 0, 0, -0.00202046
183, 0, 0, -0.00202046
184, 0, 0, -0.00202046
185, 0, 0, -0.00202046
186, 0, 0, -0.00101023
187, 0, 0, -0.00202046
188, 0, 0, -0.00404092
189, 0, 0, -0.00404092
190, 0, 0, -0.00404092
191, 0, 0, -0.00404092
192, 0, 0, -0.00202046
193, 0, 0, -0.00202046
194, 0, 0, -0.00404092
195, 0, 0, -0.00404092
196, 0, 0, -0.00404092
197, 0, 0, -0.00404092
198, 0, 0, -0.00202046
199, 0, 0, -0.00202046
200, 0, 0, -0.00404092
201, 0, 0, -0.00404092
202, 0, 0, -0.00404092
203, 0, 0, -0.00404092
204, 0, 0, -0.00202046
205, 0, 0, -0.00202046
206, 0, 0, -0.00404092
207, 0, 0, -0.00404092
208, 0, 0, -0.00404092
209, 0, 0, -0.00404092
210, 0, 0, -0.00202046
211, 0, 0, -0.00101023
212, 0, 0, -0.00202046
213, 0, 0, -0.00202046
214, 0, 0, -0.00202046
215, 0, 0, -0.00202046
216, 0, 0, -0.00101023
